Selection	View	Channel	Begin Time (s)	End Time (s)	Low Freq (Hz)	High Freq (Hz)	file	syllable	year
1	Waveform 1	2	40.481070670	40.481070670	0.000	48000.000	16-ZOOM0016	a	2023
2	Waveform 1	2	40.487265820	40.487265820	0.000	48000.000	16-ZOOM0016	a	2023
3	Waveform 1	2	40.495412060	40.495412060	0.000	48000.000	16-ZOOM0016	a	2023
4	Waveform 1	2	40.505834450	40.505834450	0.000	48000.000	16-ZOOM0016	a	2023
5	Waveform 1	2	40.513973200	40.513973200	0.000	48000.000	16-ZOOM0016	a	2023
6	Waveform 1	2	40.522179330	40.522179330	0.000	48000.000	16-ZOOM0016	a	2023
7	Waveform 1	2	40.533313020	40.533313020	0.000	48000.000	16-ZOOM0016	a	2023
8	Waveform 1	2	40.539924360	40.539924360	0.000	48000.000	16-ZOOM0016	a	2023
9	Waveform 1	2	40.549912480	40.549912480	0.000	48000.000	16-ZOOM0016	a	2023
10	Waveform 1	2	40.559578650	40.559578650	0.000	48000.000	16-ZOOM0016	a	2023
11	Waveform 1	2	40.567208260	40.567208260	0.000	48000.000	16-ZOOM0016	a	2023
12	Waveform 1	2	40.577525840	40.577525840	0.000	48000.000	16-ZOOM0016	a	2023
13	Waveform 1	2	40.584571430	40.584571430	0.000	48000.000	16-ZOOM0016	a	2023
14	Waveform 1	2	40.593855750	40.593855750	0.000	48000.000	16-ZOOM0016	a	2023
15	Waveform 1	2	40.604098440	40.604098440	0.000	48000.000	16-ZOOM0016	a	2023
16	Waveform 1	2	40.612409400	40.612409400	0.000	48000.000	16-ZOOM0016	a	2023
17	Waveform 1	2	40.622876720	40.622876720	0.000	48000.000	16-ZOOM0016	a	2023
18	Waveform 1	2	41.039944590	41.039944590	0.000	48000.000	16-ZOOM0016	b	2023
19	Waveform 1	2	41.046136630	41.046136630	0.000	48000.000	16-ZOOM0016	b	2023
20	Waveform 1	2	41.054163070	41.054163070	0.000	48000.000	16-ZOOM0016	b	2023
21	Waveform 1	2	41.064637870	41.064637870	0.000	48000.000	16-ZOOM0016	b	2023
22	Waveform 1	2	41.072432210	41.072432210	0.000	48000.000	16-ZOOM0016	b	2023
23	Waveform 1	2	41.080443670	41.080443670	0.000	48000.000	16-ZOOM0016	b	2023
24	Waveform 1	2	41.091315300	41.091315300	0.000	48000.000	16-ZOOM0016	b	2023
25	Waveform 1	2	41.098098850	41.098098850	0.000	48000.000	16-ZOOM0016	b	2023
26	Waveform 1	2	41.107817430	41.107817430	0.000	48000.000	16-ZOOM0016	b	2023
27	Waveform 1	2	41.116645010	41.116645010	0.000	48000.000	16-ZOOM0016	b	2023
28	Waveform 1	2	41.124514220	41.124514220	0.000	48000.000	16-ZOOM0016	b	2023
29	Waveform 1	2	41.134801840	41.134801840	0.000	48000.000	16-ZOOM0016	b	2023
30	Waveform 1	2	41.141637760	41.141637760	0.000	48000.000	16-ZOOM0016	b	2023
31	Waveform 1	2	41.151109270	41.151109270	0.000	48000.000	16-ZOOM0016	b	2023
32	Waveform 1	2	41.159502590	41.159502590	0.000	48000.000	16-ZOOM0016	b	2023
33	Waveform 1	2	41.167836010	41.167836010	0.000	48000.000	16-ZOOM0016	b	2023
34	Waveform 1	2	41.177906500	41.177906500	0.000	48000.000	16-ZOOM0016	b	2023
35	Waveform 1	2	41.185843090	41.185843090	0.000	48000.000	16-ZOOM0016	b	2023
36	Waveform 1	2	41.195748850	41.195748850	0.000	48000.000	16-ZOOM0016	b	2023
37	Waveform 1	2	41.807450420	41.807450420	0.000	48000.000	16-ZOOM0016	c	2023
38	Waveform 1	2	41.813470240	41.813470240	0.000	48000.000	16-ZOOM0016	c	2023
39	Waveform 1	2	41.821197190	41.821197190	0.000	48000.000	16-ZOOM0016	c	2023
40	Waveform 1	2	41.831484820	41.831484820	0.000	48000.000	16-ZOOM0016	c	2023
41	Waveform 1	2	41.839675970	41.839675970	0.000	48000.000	16-ZOOM0016	c	2023
42	Waveform 1	2	41.847679960	41.847679960	0.000	48000.000	16-ZOOM0016	c	2023
43	Waveform 1	2	41.858394360	41.858394360	0.000	48000.000	16-ZOOM0016	c	2023
44	Waveform 1	2	41.865230310	41.865230310	0.000	48000.000	16-ZOOM0016	c	2023
45	Waveform 1	2	41.875031220	41.875031220	0.000	48000.000	16-ZOOM0016	c	2023
46	Waveform 1	2	41.883282280	41.883282280	0.000	48000.000	16-ZOOM0016	c	2023
47	Waveform 1	2	41.891787910	41.891787910	0.000	48000.000	16-ZOOM0016	c	2023
48	Waveform 1	2	41.902038090	41.902038090	0.000	48000.000	16-ZOOM0016	c	2023
49	Waveform 1	2	41.909076210	41.909076210	0.000	48000.000	16-ZOOM0016	c	2023
50	Waveform 1	2	41.918809760	41.918809760	0.000	48000.000	16-ZOOM0016	c	2023
51	Waveform 1	2	41.927158160	41.927158160	0.000	48000.000	16-ZOOM0016	c	2023
52	Waveform 1	2	41.935880920	41.935880920	0.000	48000.000	16-ZOOM0016	c	2023
53	Waveform 1	2	41.946310810	41.946310810	0.000	48000.000	16-ZOOM0016	c	2023
54	Waveform 1	2	41.955827230	41.955827230	0.000	48000.000	16-ZOOM0016	c	2023
55	Waveform 1	2	42.388289090	42.388289090	0.000	48000.000	16-ZOOM0016	d	2023
56	Waveform 1	2	42.394436210	42.394436210	0.000	48000.000	16-ZOOM0016	d	2023
57	Waveform 1	2	42.402387770	42.402387770	0.000	48000.000	16-ZOOM0016	d	2023
58	Waveform 1	2	42.412652930	42.412652930	0.000	48000.000	16-ZOOM0016	d	2023
59	Waveform 1	2	42.420170230	42.420170230	0.000	48000.000	16-ZOOM0016	d	2023
60	Waveform 1	2	42.428556060	42.428556060	0.000	48000.000	16-ZOOM0016	d	2023
61	Waveform 1	2	42.439218060	42.439218060	0.000	48000.000	16-ZOOM0016	d	2023
62	Waveform 1	2	42.446046510	42.446046510	0.000	48000.000	16-ZOOM0016	d	2023
63	Waveform 1	2	42.455854950	42.455854950	0.000	48000.000	16-ZOOM0016	d	2023
64	Waveform 1	2	42.463843950	42.463843950	0.000	48000.000	16-ZOOM0016	d	2023
65	Waveform 1	2	42.472207330	42.472207330	0.000	48000.000	16-ZOOM0016	d	2023
66	Waveform 1	2	42.482412580	42.482412580	0.000	48000.000	16-ZOOM0016	d	2023
67	Waveform 1	2	42.488956530	42.488956530	0.000	48000.000	16-ZOOM0016	d	2023
68	Waveform 1	2	42.498720030	42.498720030	0.000	48000.000	16-ZOOM0016	d	2023
69	Waveform 1	2	42.506521830	42.506521830	0.000	48000.000	16-ZOOM0016	d	2023
70	Waveform 1	2	42.514960070	42.514960070	0.000	48000.000	16-ZOOM0016	d	2023
71	Waveform 1	2	42.525038040	42.525038040	0.000	48000.000	16-ZOOM0016	d	2023
72	Waveform 1	2	42.532615240	42.532615240	0.000	48000.000	16-ZOOM0016	d	2023
73	Waveform 1	2	42.542221510	42.542221510	0.000	48000.000	16-ZOOM0016	d	2023
74	Waveform 1	2	42.552494160	42.552494160	0.000	48000.000	16-ZOOM0016	d	2023
75	Waveform 1	2	43.097258810	43.097258810	0.000	48000.000	16-ZOOM0016	e	2023
76	Waveform 1	2	43.103473310	43.103473310	0.000	48000.000	16-ZOOM0016	e	2023
77	Waveform 1	2	43.111656990	43.111656990	0.000	48000.000	16-ZOOM0016	e	2023
78	Waveform 1	2	43.122214150	43.122214150	0.000	48000.000	16-ZOOM0016	e	2023
79	Waveform 1	2	43.129896170	43.129896170	0.000	48000.000	16-ZOOM0016	e	2023
80	Waveform 1	2	43.138274520	43.138274520	0.000	48000.000	16-ZOOM0016	e	2023
81	Waveform 1	2	43.149131170	43.149131170	0.000	48000.000	16-ZOOM0016	e	2023
82	Waveform 1	2	43.155742510	43.155742510	0.000	48000.000	16-ZOOM0016	e	2023
83	Waveform 1	2	43.165446110	43.165446110	0.000	48000.000	16-ZOOM0016	e	2023
84	Waveform 1	2	43.174730430	43.174730430	0.000	48000.000	16-ZOOM0016	e	2023
85	Waveform 1	2	43.182345060	43.182345060	0.000	48000.000	16-ZOOM0016	e	2023
86	Waveform 1	2	43.192647660	43.192647660	0.000	48000.000	16-ZOOM0016	e	2023
87	Waveform 1	2	43.199573460	43.199573460	0.000	48000.000	16-ZOOM0016	e	2023
88	Waveform 1	2	43.209044960	43.209044960	0.000	48000.000	16-ZOOM0016	e	2023
89	Waveform 1	2	43.218613800	43.218613800	0.000	48000.000	16-ZOOM0016	e	2023
90	Waveform 1	2	43.227022090	43.227022090	0.000	48000.000	16-ZOOM0016	e	2023
91	Waveform 1	2	43.237571770	43.237571770	0.000	48000.000	16-ZOOM0016	e	2023
92	Waveform 1	2	43.247941720	43.247941720	0.000	48000.000	16-ZOOM0016	e	2023
93	Waveform 1	2	43.669816490	43.669816490	0.000	48000.000	16-ZOOM0016	f	2023
94	Waveform 1	2	43.676038480	43.676038480	0.000	48000.000	16-ZOOM0016	f	2023
95	Waveform 1	2	43.684199700	43.684199700	0.000	48000.000	16-ZOOM0016	f	2023
96	Waveform 1	2	43.694824250	43.694824250	0.000	48000.000	16-ZOOM0016	f	2023
97	Waveform 1	2	43.702423910	43.702423910	0.000	48000.000	16-ZOOM0016	f	2023
98	Waveform 1	2	43.710877140	43.710877140	0.000	48000.000	16-ZOOM0016	f	2023
99	Waveform 1	2	43.721681380	43.721681380	0.000	48000.000	16-ZOOM0016	f	2023
100	Waveform 1	2	43.728412510	43.728412510	0.000	48000.000	16-ZOOM0016	f	2023
101	Waveform 1	2	43.738146070	43.738146070	0.000	48000.000	16-ZOOM0016	f	2023
102	Waveform 1	2	43.746554360	43.746554360	0.000	48000.000	16-ZOOM0016	f	2023
103	Waveform 1	2	43.754895270	43.754895270	0.000	48000.000	16-ZOOM0016	f	2023
104	Waveform 1	2	43.765220320	43.765220320	0.000	48000.000	16-ZOOM0016	f	2023
105	Waveform 1	2	43.771869090	43.771869090	0.000	48000.000	16-ZOOM0016	f	2023
106	Waveform 1	2	43.781670040	43.781670040	0.000	48000.000	16-ZOOM0016	f	2023
107	Waveform 1	2	43.789494320	43.789494320	0.000	48000.000	16-ZOOM0016	f	2023
108	Waveform 1	2	43.798291950	43.798291950	0.000	48000.000	16-ZOOM0016	f	2023
109	Waveform 1	2	43.808377420	43.808377420	0.000	48000.000	16-ZOOM0016	f	2023
110	Waveform 1	2	43.816336480	43.816336480	0.000	48000.000	16-ZOOM0016	f	2023
111	Waveform 1	2	43.826219750	43.826219750	0.000	48000.000	16-ZOOM0016	f	2023
112	Waveform 1	2	43.837061430	43.837061430	0.000	48000.000	16-ZOOM0016	f	2023
113	Waveform 1	2	44.365638420	44.365638420	0.000	48000.000	16-ZOOM0016	g	2023
114	Waveform 1	2	44.372032620	44.372032620	0.000	48000.000	16-ZOOM0016	g	2023
115	Waveform 1	2	44.380036600	44.380036600	0.000	48000.000	16-ZOOM0016	g	2023
116	Waveform 1	2	44.390706070	44.390706070	0.000	48000.000	16-ZOOM0016	g	2023
117	Waveform 1	2	44.399144320	44.399144320	0.000	48000.000	16-ZOOM0016	g	2023
118	Waveform 1	2	44.407515170	44.407515170	0.000	48000.000	16-ZOOM0016	g	2023
119	Waveform 1	2	44.418671330	44.418671330	0.000	48000.000	16-ZOOM0016	g	2023
120	Waveform 1	2	44.425260200	44.425260200	0.000	48000.000	16-ZOOM0016	g	2023
121	Waveform 1	2	44.435180940	44.435180940	0.000	48000.000	16-ZOOM0016	g	2023
122	Waveform 1	2	44.444427820	44.444427820	0.000	48000.000	16-ZOOM0016	g	2023
123	Waveform 1	2	44.452229640	44.452229640	0.000	48000.000	16-ZOOM0016	g	2023
124	Waveform 1	2	44.462674460	44.462674460	0.000	48000.000	16-ZOOM0016	g	2023
125	Waveform 1	2	44.469742530	44.469742530	0.000	48000.000	16-ZOOM0016	g	2023
126	Waveform 1	2	44.479049300	44.479049300	0.000	48000.000	16-ZOOM0016	g	2023
127	Waveform 1	2	44.488767880	44.488767880	0.000	48000.000	16-ZOOM0016	g	2023
128	Waveform 1	2	44.497363370	44.497363370	0.000	48000.000	16-ZOOM0016	g	2023
129	Waveform 1	2	44.508025350	44.508025350	0.000	48000.000	16-ZOOM0016	g	2023
130	Waveform 1	2	44.518477690	44.518477690	0.000	48000.000	16-ZOOM0016	g	2023
131	Waveform 1	2	44.922659780	44.922659780	0.000	48000.000	16-ZOOM0016	h	2023
132	Waveform 1	2	44.928604740	44.928604740	0.000	48000.000	16-ZOOM0016	h	2023
133	Waveform 1	2	44.936990570	44.936990570	0.000	48000.000	16-ZOOM0016	h	2023
134	Waveform 1	2	44.947450400	44.947450400	0.000	48000.000	16-ZOOM0016	h	2023
135	Waveform 1	2	44.955379500	44.955379500	0.000	48000.000	16-ZOOM0016	h	2023
136	Waveform 1	2	44.963608100	44.963608100	0.000	48000.000	16-ZOOM0016	h	2023
137	Waveform 1	2	44.974651940	44.974651940	0.000	48000.000	16-ZOOM0016	h	2023
138	Waveform 1	2	44.981173430	44.981173430	0.000	48000.000	16-ZOOM0016	h	2023
139	Waveform 1	2	44.990667390	44.990667390	0.000	48000.000	16-ZOOM0016	h	2023
140	Waveform 1	2	44.999831900	44.999831900	0.000	48000.000	16-ZOOM0016	h	2023
141	Waveform 1	2	45.007424080	45.007424080	0.000	48000.000	16-ZOOM0016	h	2023
142	Waveform 1	2	45.017561960	45.017561960	0.000	48000.000	16-ZOOM0016	h	2023
143	Waveform 1	2	45.024450310	45.024450310	0.000	48000.000	16-ZOOM0016	h	2023
144	Waveform 1	2	45.033405180	45.033405180	0.000	48000.000	16-ZOOM0016	h	2023
145	Waveform 1	2	45.042532270	45.042532270	0.000	48000.000	16-ZOOM0016	h	2023
146	Waveform 1	2	45.050386500	45.050386500	0.000	48000.000	16-ZOOM0016	h	2023
147	Waveform 1	2	45.060179960	45.060179960	0.000	48000.000	16-ZOOM0016	h	2023
148	Waveform 1	2	45.067861980	45.067861980	0.000	48000.000	16-ZOOM0016	h	2023
149	Waveform 1	2	45.077213680	45.077213680	0.000	48000.000	16-ZOOM0016	h	2023
150	Waveform 1	2	45.088077820	45.088077820	0.000	48000.000	16-ZOOM0016	h	2023
151	Waveform 1	2	45.603806490	45.603806490	0.000	48000.000	16-ZOOM0016	i	2023
152	Waveform 1	2	45.610095870	45.610095870	0.000	48000.000	16-ZOOM0016	i	2023
153	Waveform 1	2	45.618421810	45.618421810	0.000	48000.000	16-ZOOM0016	i	2023
154	Waveform 1	2	45.629285950	45.629285950	0.000	48000.000	16-ZOOM0016	i	2023
155	Waveform 1	2	45.637245000	45.637245000	0.000	48000.000	16-ZOOM0016	i	2023
156	Waveform 1	2	45.645750630	45.645750630	0.000	48000.000	16-ZOOM0016	i	2023
157	Waveform 1	2	45.656809450	45.656809450	0.000	48000.000	16-ZOOM0016	i	2023
158	Waveform 1	2	45.663607970	45.663607970	0.000	48000.000	16-ZOOM0016	i	2023
159	Waveform 1	2	45.673431370	45.673431370	0.000	48000.000	16-ZOOM0016	i	2023
160	Waveform 1	2	45.682431170	45.682431170	0.000	48000.000	16-ZOOM0016	i	2023
161	Waveform 1	2	45.690727160	45.690727160	0.000	48000.000	16-ZOOM0016	i	2023
162	Waveform 1	2	45.701299290	45.701299290	0.000	48000.000	16-ZOOM0016	i	2023
163	Waveform 1	2	45.708374840	45.708374840	0.000	48000.000	16-ZOOM0016	i	2023
164	Waveform 1	2	45.718123370	45.718123370	0.000	48000.000	16-ZOOM0016	i	2023
165	Waveform 1	2	45.727272910	45.727272910	0.000	48000.000	16-ZOOM0016	i	2023
166	Waveform 1	2	45.736609640	45.736609640	0.000	48000.000	16-ZOOM0016	i	2023
167	Waveform 1	2	45.747428870	45.747428870	0.000	48000.000	16-ZOOM0016	i	2023
168	Waveform 1	2	46.170726210	46.170726210	0.000	48000.000	16-ZOOM0016	j	2023
169	Waveform 1	2	46.176880820	46.176880820	0.000	48000.000	16-ZOOM0016	j	2023
170	Waveform 1	2	46.184997100	46.184997100	0.000	48000.000	16-ZOOM0016	j	2023
171	Waveform 1	2	46.195456930	46.195456930	0.000	48000.000	16-ZOOM0016	j	2023
172	Waveform 1	2	46.203131470	46.203131470	0.000	48000.000	16-ZOOM0016	j	2023
173	Waveform 1	2	46.211502330	46.211502330	0.000	48000.000	16-ZOOM0016	j	2023
174	Waveform 1	2	46.222344010	46.222344010	0.000	48000.000	16-ZOOM0016	j	2023
175	Waveform 1	2	46.228910420	46.228910420	0.000	48000.000	16-ZOOM0016	j	2023
176	Waveform 1	2	46.239003360	46.239003360	0.000	48000.000	16-ZOOM0016	j	2023
177	Waveform 1	2	46.247441610	46.247441610	0.000	48000.000	16-ZOOM0016	j	2023
178	Waveform 1	2	46.255565380	46.255565380	0.000	48000.000	16-ZOOM0016	j	2023
179	Waveform 1	2	46.265800600	46.265800600	0.000	48000.000	16-ZOOM0016	j	2023
180	Waveform 1	2	46.272726390	46.272726390	0.000	48000.000	16-ZOOM0016	j	2023
181	Waveform 1	2	46.282048150	46.282048150	0.000	48000.000	16-ZOOM0016	j	2023
182	Waveform 1	2	46.290314190	46.290314190	0.000	48000.000	16-ZOOM0016	j	2023
183	Waveform 1	2	46.298812330	46.298812330	0.000	48000.000	16-ZOOM0016	j	2023
184	Waveform 1	2	46.308927740	46.308927740	0.000	48000.000	16-ZOOM0016	j	2023
185	Waveform 1	2	46.316796950	46.316796950	0.000	48000.000	16-ZOOM0016	j	2023
186	Waveform 1	2	46.326897380	46.326897380	0.000	48000.000	16-ZOOM0016	j	2023
