Selection	View	Channel	Begin Time (s)	End Time (s)	Low Freq (Hz)	High Freq (Hz)	file	syllable	year
1	Waveform 1	2	60.128343754	60.128343754	0.0	48000.0	20-ZOOM0003	a	2023
2	Waveform 1	2	60.134999290	60.134999290	0.0	48000.0	20-ZOOM0003	a	2023
3	Waveform 1	2	60.143373556	60.143373556	0.0	48000.0	20-ZOOM0003	a	2023
4	Waveform 1	2	60.154300907	60.154300907	0.0	48000.0	20-ZOOM0003	a	2023
5	Waveform 1	2	60.161646450	60.161646450	0.0	48000.0	20-ZOOM0003	a	2023
6	Waveform 1	2	60.171758337	60.171758337	0.0	48000.0	20-ZOOM0003	a	2023
7	Waveform 1	2	60.180734832	60.180734832	0.0	48000.0	20-ZOOM0003	a	2023
8	Waveform 1	2	60.189441591	60.189441591	0.0	48000.0	20-ZOOM0003	a	2023
9	Waveform 1	2	60.200695144	60.200695144	0.0	48000.0	20-ZOOM0003	a	2023
10	Waveform 1	2	60.208322967	60.208322967	0.0	48000.0	20-ZOOM0003	a	2023
11	Waveform 1	2	60.218673213	60.218673213	0.0	48000.0	20-ZOOM0003	a	2023
12	Waveform 1	2	60.226175578	60.226175578	0.0	48000.0	20-ZOOM0003	a	2023
13	Waveform 1	2	60.235810726	60.235810726	0.0	48000.0	20-ZOOM0003	a	2023
14	Waveform 1	2	60.245433327	60.245433327	0.0	48000.0	20-ZOOM0003	a	2023
15	Waveform 1	2	60.254171452	60.254171452	0.0	48000.0	20-ZOOM0003	a	2023
16	Waveform 1	2	60.264465253	60.264465253	0.0	48000.0	20-ZOOM0003	a	2023
17	Waveform 1	2	60.625814555	60.625814555	0.0	48000.0	20-ZOOM0003	b	2023
18	Waveform 1	2	60.632388544	60.632388544	0.0	48000.0	20-ZOOM0003	b	2023
19	Waveform 1	2	60.640712657	60.640712657	0.0	48000.0	20-ZOOM0003	b	2023
20	Waveform 1	2	60.651527097	60.651527097	0.0	48000.0	20-ZOOM0003	b	2023
21	Waveform 1	2	60.658835003	60.658835003	0.0	48000.0	20-ZOOM0003	b	2023
22	Waveform 1	2	60.669304444	60.669304444	0.0	48000.0	20-ZOOM0003	b	2023
23	Waveform 1	2	60.677553283	60.677553283	0.0	48000.0	20-ZOOM0003	b	2023
24	Waveform 1	2	60.686912424	60.686912424	0.0	48000.0	20-ZOOM0003	b	2023
25	Waveform 1	2	60.696691848	60.696691848	0.0	48000.0	20-ZOOM0003	b	2023
26	Waveform 1	2	60.704953221	60.704953221	0.0	48000.0	20-ZOOM0003	b	2023
27	Waveform 1	2	60.715711216	60.715711216	0.0	48000.0	20-ZOOM0003	b	2023
28	Waveform 1	2	60.723056759	60.723056759	0.0	48000.0	20-ZOOM0003	b	2023
29	Waveform 1	2	60.733463472	60.733463472	0.0	48000.0	20-ZOOM0003	b	2023
30	Waveform 1	2	60.741662128	60.741662128	0.0	48000.0	20-ZOOM0003	b	2023
31	Waveform 1	2	60.750381433	60.750381433	0.0	48000.0	20-ZOOM0003	b	2023
32	Waveform 1	2	60.760298861	60.760298861	0.0	48000.0	20-ZOOM0003	b	2023
33	Waveform 1	2	60.770467193	60.770467193	0.0	48000.0	20-ZOOM0003	b	2023
34	Waveform 1	2	61.226963565	61.226963565	0.0	48000.0	20-ZOOM0003	c	2023
35	Waveform 1	2	61.233700637	61.233700637	0.0	48000.0	20-ZOOM0003	c	2023
36	Waveform 1	2	61.242288212	61.242288212	0.0	48000.0	20-ZOOM0003	c	2023
37	Waveform 1	2	61.253234394	61.253234394	0.0	48000.0	20-ZOOM0003	c	2023
38	Waveform 1	2	61.260510935	61.260510935	0.0	48000.0	20-ZOOM0003	c	2023
39	Waveform 1	2	61.271011741	61.271011741	0.0	48000.0	20-ZOOM0003	c	2023
40	Waveform 1	2	61.279517769	61.279517769	0.0	48000.0	20-ZOOM0003	c	2023
41	Waveform 1	2	61.288782805	61.288782805	0.0	48000.0	20-ZOOM0003	c	2023
42	Waveform 1	2	61.299358886	61.299358886	0.0	48000.0	20-ZOOM0003	c	2023
43	Waveform 1	2	61.307130985	61.307130985	0.0	48000.0	20-ZOOM0003	c	2023
44	Waveform 1	2	61.318146168	61.318146168	0.0	48000.0	20-ZOOM0003	c	2023
45	Waveform 1	2	61.325635987	61.325635987	0.0	48000.0	20-ZOOM0003	c	2023
46	Waveform 1	2	61.335622417	61.335622417	0.0	48000.0	20-ZOOM0003	c	2023
47	Waveform 1	2	61.345182278	61.345182278	0.0	48000.0	20-ZOOM0003	c	2023
48	Waveform 1	2	61.354277957	61.354277957	0.0	48000.0	20-ZOOM0003	c	2023
49	Waveform 1	2	61.365493873	61.365493873	0.0	48000.0	20-ZOOM0003	c	2023
50	Waveform 1	2	61.732313136	61.732313136	0.0	48000.0	20-ZOOM0003	d	2023
51	Waveform 1	2	61.738918478	61.738918478	0.0	48000.0	20-ZOOM0003	d	2023
52	Waveform 1	2	61.747317866	61.747317866	0.0	48000.0	20-ZOOM0003	d	2023
53	Waveform 1	2	61.758063315	61.758063315	0.0	48000.0	20-ZOOM0003	d	2023
54	Waveform 1	2	61.765264581	61.765264581	0.0	48000.0	20-ZOOM0003	d	2023
55	Waveform 1	2	61.775796752	61.775796752	0.0	48000.0	20-ZOOM0003	d	2023
56	Waveform 1	2	61.783901303	61.783901303	0.0	48000.0	20-ZOOM0003	d	2023
57	Waveform 1	2	61.793235352	61.793235352	0.0	48000.0	20-ZOOM0003	d	2023
58	Waveform 1	2	61.803340966	61.803340966	0.0	48000.0	20-ZOOM0003	d	2023
59	Waveform 1	2	61.811119338	61.811119338	0.0	48000.0	20-ZOOM0003	d	2023
60	Waveform 1	2	61.821638963	61.821638963	0.0	48000.0	20-ZOOM0003	d	2023
61	Waveform 1	2	61.828909232	61.828909232	0.0	48000.0	20-ZOOM0003	d	2023
62	Waveform 1	2	61.838525560	61.838525560	0.0	48000.0	20-ZOOM0003	d	2023
63	Waveform 1	2	61.846943767	61.846943767	0.0	48000.0	20-ZOOM0003	d	2023
64	Waveform 1	2	61.856541266	61.856541266	0.0	48000.0	20-ZOOM0003	d	2023
65	Waveform 1	2	61.867060891	61.867060891	0.0	48000.0	20-ZOOM0003	d	2023
66	Waveform 1	2	61.879086010	61.879086010	0.0	48000.0	20-ZOOM0003	d	2023
67	Waveform 1	2	62.313420285	62.313420285	0.0	48000.0	20-ZOOM0003	e	2023
68	Waveform 1	2	62.320025627	62.320025627	0.0	48000.0	20-ZOOM0003	e	2023
69	Waveform 1	2	62.328318376	62.328318376	0.0	48000.0	20-ZOOM0003	e	2023
70	Waveform 1	2	62.339346105	62.339346105	0.0	48000.0	20-ZOOM0003	e	2023
71	Waveform 1	2	62.346666556	62.346666556	0.0	48000.0	20-ZOOM0003	e	2023
72	Waveform 1	2	62.357048177	62.357048177	0.0	48000.0	20-ZOOM0003	e	2023
73	Waveform 1	2	62.366156402	62.366156402	0.0	48000.0	20-ZOOM0003	e	2023
74	Waveform 1	2	62.374888254	62.374888254	0.0	48000.0	20-ZOOM0003	e	2023
75	Waveform 1	2	62.386053975	62.386053975	0.0	48000.0	20-ZOOM0003	e	2023
76	Waveform 1	2	62.393593978	62.393593978	0.0	48000.0	20-ZOOM0003	e	2023
77	Waveform 1	2	62.404044601	62.404044601	0.0	48000.0	20-ZOOM0003	e	2023
78	Waveform 1	2	62.411891975	62.411891975	0.0	48000.0	20-ZOOM0003	e	2023
79	Waveform 1	2	62.421050383	62.421050383	0.0	48000.0	20-ZOOM0003	e	2023
80	Waveform 1	2	62.431268898	62.431268898	0.0	48000.0	20-ZOOM0003	e	2023
81	Waveform 1	2	62.440577855	62.440577855	0.0	48000.0	20-ZOOM0003	e	2023
82	Waveform 1	2	62.451266848	62.451266848	0.0	48000.0	20-ZOOM0003	e	2023
83	Waveform 1	2	62.822953862	62.822953862	0.0	48000.0	20-ZOOM0003	f	2023
84	Waveform 1	2	62.829490213	62.829490213	0.0	48000.0	20-ZOOM0003	f	2023
85	Waveform 1	2	62.837908420	62.837908420	0.0	48000.0	20-ZOOM0003	f	2023
86	Waveform 1	2	62.848854590	62.848854590	0.0	48000.0	20-ZOOM0003	f	2023
87	Waveform 1	2	62.856030765	62.856030765	0.0	48000.0	20-ZOOM0003	f	2023
88	Waveform 1	2	62.866531571	62.866531571	0.0	48000.0	20-ZOOM0003	f	2023
89	Waveform 1	2	62.874880777	62.874880777	0.0	48000.0	20-ZOOM0003	f	2023
90	Waveform 1	2	62.884145824	62.884145824	0.0	48000.0	20-ZOOM0003	f	2023
91	Waveform 1	2	62.894000522	62.894000522	0.0	48000.0	20-ZOOM0003	f	2023
92	Waveform 1	2	62.902123903	62.902123903	0.0	48000.0	20-ZOOM0003	f	2023
93	Waveform 1	2	62.912781521	62.912781521	0.0	48000.0	20-ZOOM0003	f	2023
94	Waveform 1	2	62.920177247	62.920177247	0.0	48000.0	20-ZOOM0003	f	2023
95	Waveform 1	2	62.930100947	62.930100947	0.0	48000.0	20-ZOOM0003	f	2023
96	Waveform 1	2	62.938839072	62.938839072	0.0	48000.0	20-ZOOM0003	f	2023
97	Waveform 1	2	62.948173120	62.948173120	0.0	48000.0	20-ZOOM0003	f	2023
98	Waveform 1	2	62.958510832	62.958510832	0.0	48000.0	20-ZOOM0003	f	2023
99	Waveform 1	2	62.971144409	62.971144409	0.0	48000.0	20-ZOOM0003	f	2023
100	Waveform 1	2	63.391201577	63.391201577	0.0	48000.0	20-ZOOM0003	g	2023
101	Waveform 1	2	63.397838294	63.397838294	0.0	48000.0	20-ZOOM0003	g	2023
102	Waveform 1	2	63.406306673	63.406306673	0.0	48000.0	20-ZOOM0003	g	2023
103	Waveform 1	2	63.417397131	63.417397131	0.0	48000.0	20-ZOOM0003	g	2023
104	Waveform 1	2	63.424673672	63.424673672	0.0	48000.0	20-ZOOM0003	g	2023
105	Waveform 1	2	63.435368938	63.435368938	0.0	48000.0	20-ZOOM0003	g	2023
106	Waveform 1	2	63.443849874	63.443849874	0.0	48000.0	20-ZOOM0003	g	2023
107	Waveform 1	2	63.453083556	63.453083556	0.0	48000.0	20-ZOOM0003	g	2023
108	Waveform 1	2	63.463603170	63.463603170	0.0	48000.0	20-ZOOM0003	g	2023
109	Waveform 1	2	63.471321950	63.471325086	0.0	48000.0	20-ZOOM0003	g	2023
110	Waveform 1	2	63.482239903	63.482239903	0.0	48000.0	20-ZOOM0003	g	2023
111	Waveform 1	2	63.489554082	63.489554082	0.0	48000.0	20-ZOOM0003	g	2023
112	Waveform 1	2	63.499703606	63.499703606	0.0	48000.0	20-ZOOM0003	g	2023
113	Waveform 1	2	63.508692646	63.508692646	0.0	48000.0	20-ZOOM0003	g	2023
114	Waveform 1	2	63.517129672	63.517129672	0.0	48000.0	20-ZOOM0003	g	2023
115	Waveform 1	2	63.527398370	63.527398370	0.0	48000.0	20-ZOOM0003	g	2023
116	Waveform 1	2	63.538055998	63.538055998	0.0	48000.0	20-ZOOM0003	g	2023
117	Waveform 1	2	63.900446612	63.900446612	0.0	48000.0	20-ZOOM0003	h	2023
118	Waveform 1	2	63.907146047	63.907146047	0.0	48000.0	20-ZOOM0003	h	2023
119	Waveform 1	2	63.915689712	63.915689712	0.0	48000.0	20-ZOOM0003	h	2023
120	Waveform 1	2	63.926943254	63.926943254	0.0	48000.0	20-ZOOM0003	h	2023
121	Waveform 1	2	63.934144520	63.934144520	0.0	48000.0	20-ZOOM0003	h	2023
122	Waveform 1	2	63.944601416	63.944601416	0.0	48000.0	20-ZOOM0003	h	2023
123	Waveform 1	2	63.953057260	63.953057260	0.0	48000.0	20-ZOOM0003	h	2023
124	Waveform 1	2	63.962491675	63.962491675	0.0	48000.0	20-ZOOM0003	h	2023
125	Waveform 1	2	63.972653746	63.972653746	0.0	48000.0	20-ZOOM0003	h	2023
126	Waveform 1	2	63.980287841	63.980287841	0.0	48000.0	20-ZOOM0003	h	2023
127	Waveform 1	2	63.991089735	63.991089735	0.0	48000.0	20-ZOOM0003	h	2023
128	Waveform 1	2	63.998322366	63.998322366	0.0	48000.0	20-ZOOM0003	h	2023
129	Waveform 1	2	64.007976332	64.007976332	0.0	48000.0	20-ZOOM0003	h	2023
130	Waveform 1	2	64.017003010	64.017003010	0.0	48000.0	20-ZOOM0003	h	2023
131	Waveform 1	2	64.026167690	64.026167690	0.0	48000.0	20-ZOOM0003	h	2023
132	Waveform 1	2	64.036517947	64.036517947	0.0	48000.0	20-ZOOM0003	h	2023
133	Waveform 1	2	64.047451539	64.047451539	0.0	48000.0	20-ZOOM0003	h	2023
134	Waveform 1	2	64.579046260	64.579046260	0.0	48000.0	20-ZOOM0003	i	2023
135	Waveform 1	2	64.585883666	64.585883666	0.0	48000.0	20-ZOOM0003	i	2023
136	Waveform 1	2	64.594433571	64.594433571	0.0	48000.0	20-ZOOM0003	i	2023
137	Waveform 1	2	64.605486348	64.605486348	0.0	48000.0	20-ZOOM0003	i	2023
138	Waveform 1	2	64.613057715	64.613057715	0.0	48000.0	20-ZOOM0003	i	2023
139	Waveform 1	2	64.623640036	64.623640036	0.0	48000.0	20-ZOOM0003	i	2023
140	Waveform 1	2	64.632026879	64.632026879	0.0	48000.0	20-ZOOM0003	i	2023
141	Waveform 1	2	64.641379746	64.641379746	0.0	48000.0	20-ZOOM0003	i	2023
142	Waveform 1	2	64.651893098	64.651893098	0.0	48000.0	20-ZOOM0003	i	2023
143	Waveform 1	2	64.659884749	64.659884749	0.0	48000.0	20-ZOOM0003	i	2023
144	Waveform 1	2	64.670630187	64.670630187	0.0	48000.0	20-ZOOM0003	i	2023
145	Waveform 1	2	64.678214067	64.678214067	0.0	48000.0	20-ZOOM0003	i	2023
146	Waveform 1	2	64.687930762	64.687930762	0.0	48000.0	20-ZOOM0003	i	2023
147	Waveform 1	2	64.698651087	64.698651087	0.0	48000.0	20-ZOOM0003	i	2023
148	Waveform 1	2	64.708675153	64.708675153	0.0	48000.0	20-ZOOM0003	i	2023
149	Waveform 1	2	65.059598479	65.059598479	0.0	48000.0	20-ZOOM0003	j	2023
150	Waveform 1	2	65.066109727	65.066109727	0.0	48000.0	20-ZOOM0003	j	2023
151	Waveform 1	2	65.074672210	65.074672210	0.0	48000.0	20-ZOOM0003	j	2023
152	Waveform 1	2	65.085593257	65.085593257	0.0	48000.0	20-ZOOM0003	j	2023
153	Waveform 1	2	65.093014074	65.093014074	0.0	48000.0	20-ZOOM0003	j	2023
154	Waveform 1	2	65.103056960	65.103056960	0.0	48000.0	20-ZOOM0003	j	2023
155	Waveform 1	2	65.112209062	65.112209062	0.0	48000.0	20-ZOOM0003	j	2023
156	Waveform 1	2	65.120884457	65.120884457	0.0	48000.0	20-ZOOM0003	j	2023
157	Waveform 1	2	65.131818060	65.131818060	0.0	48000.0	20-ZOOM0003	j	2023
158	Waveform 1	2	65.139339211	65.139339211	0.0	48000.0	20-ZOOM0003	j	2023
159	Waveform 1	2	65.150109741	65.150109741	0.0	48000.0	20-ZOOM0003	j	2023
160	Waveform 1	2	65.157844203	65.157844203	0.0	48000.0	20-ZOOM0003	j	2023
161	Waveform 1	2	65.167648686	65.167648686	0.0	48000.0	20-ZOOM0003	j	2023
162	Waveform 1	2	65.176436993	65.176436993	0.0	48000.0	20-ZOOM0003	j	2023
163	Waveform 1	2	65.186122324	65.186122324	0.0	48000.0	20-ZOOM0003	j	2023
164	Waveform 1	2	65.196597995	65.196597995	0.0	48000.0	20-ZOOM0003	j	2023
