Selection	View	Channel	Begin Time (s)	End Time (s)	Low Freq (Hz)	High Freq (Hz)	file	syllable	year
1	Waveform 1	2	11.299587571	11.299587571	0.0	48000.0	21-ZOOM0006	a	2023
2	Waveform 1	2	11.306227256	11.306227256	0.0	48000.0	21-ZOOM0006	a	2023
3	Waveform 1	2	11.315532591	11.315532591	0.0	48000.0	21-ZOOM0006	a	2023
4	Waveform 1	2	11.326771251	11.326771251	0.0	48000.0	21-ZOOM0006	a	2023
5	Waveform 1	2	11.334040739	11.334040739	0.0	48000.0	21-ZOOM0006	a	2023
6	Waveform 1	2	11.344293209	11.344293209	0.0	48000.0	21-ZOOM0006	a	2023
7	Waveform 1	2	11.354863015	11.354863015	0.0	48000.0	21-ZOOM0006	a	2023
8	Waveform 1	2	11.362898977	11.362898977	0.0	48000.0	21-ZOOM0006	a	2023
9	Waveform 1	2	11.374279219	11.374279219	0.0	48000.0	21-ZOOM0006	a	2023
10	Waveform 1	2	11.381587764	11.381587764	0.0	48000.0	21-ZOOM0006	a	2023
11	Waveform 1	2	11.390946803	11.390946803	0.0	48000.0	21-ZOOM0006	a	2023
12	Waveform 1	2	11.401389676	11.401389676	0.0	48000.0	21-ZOOM0006	a	2023
13	Waveform 1	2	11.408883719	11.408883719	0.0	48000.0	21-ZOOM0006	a	2023
14	Waveform 1	2	11.418989726	11.418989726	0.0	48000.0	21-ZOOM0006	a	2023
15	Waveform 1	2	11.427489510	11.427489510	0.0	48000.0	21-ZOOM0006	a	2023
16	Waveform 1	2	11.436033236	11.436033236	0.0	48000.0	21-ZOOM0006	a	2023
17	Waveform 1	2	11.446412639	11.446412639	0.0	48000.0	21-ZOOM0006	a	2023
18	Waveform 1	2	11.456230600	11.456230600	0.0	48000.0	21-ZOOM0006	a	2023
19	Waveform 1	2	11.808563847	11.808563847	0.0	48000.0	21-ZOOM0006	b	2023
20	Waveform 1	2	11.815159602	11.815159602	0.0	48000.0	21-ZOOM0006	b	2023
21	Waveform 1	2	11.824518643	11.824518643	0.0	48000.0	21-ZOOM0006	b	2023
22	Waveform 1	2	11.835937941	11.835937941	0.0	48000.0	21-ZOOM0006	b	2023
23	Waveform 1	2	11.843158609	11.843158609	0.0	48000.0	21-ZOOM0006	b	2023
24	Waveform 1	2	11.853713748	11.853713748	0.0	48000.0	21-ZOOM0006	b	2023
25	Waveform 1	2	11.864019896	11.864019896	0.0	48000.0	21-ZOOM0006	b	2023
26	Waveform 1	2	11.871982649	11.871982649	0.0	48000.0	21-ZOOM0006	b	2023
27	Waveform 1	2	11.883231073	11.883231073	0.0	48000.0	21-ZOOM0006	b	2023
28	Waveform 1	2	11.890564007	11.890564007	0.0	48000.0	21-ZOOM0006	b	2023
29	Waveform 1	2	11.900333144	11.900333144	0.0	48000.0	21-ZOOM0006	b	2023
30	Waveform 1	2	11.910014405	11.910014405	0.0	48000.0	21-ZOOM0006	b	2023
31	Waveform 1	2	11.917640289	11.917640289	0.0	48000.0	21-ZOOM0006	b	2023
32	Waveform 1	2	11.927726767	11.927726767	0.0	48000.0	21-ZOOM0006	b	2023
33	Waveform 1	2	11.935186658	11.935186658	0.0	48000.0	21-ZOOM0006	b	2023
34	Waveform 1	2	11.944257651	11.944257651	0.0	48000.0	21-ZOOM0006	b	2023
35	Waveform 1	2	11.953777802	11.953777802	0.0	48000.0	21-ZOOM0006	b	2023
36	Waveform 1	2	11.961862606	11.961862606	0.0	48000.0	21-ZOOM0006	b	2023
37	Waveform 1	2	11.971490141	11.971490141	0.0	48000.0	21-ZOOM0006	b	2023
38	Waveform 1	2	11.980478138	11.980478138	0.0	48000.0	21-ZOOM0006	b	2023
39	Waveform 1	2	11.990408388	11.990408388	0.0	48000.0	21-ZOOM0006	b	2023
40	Waveform 1	2	12.535663950	12.535663950	0.0	48000.0	21-ZOOM0006	c	2023
41	Waveform 1	2	12.542240176	12.542240176	0.0	48000.0	21-ZOOM0006	c	2023
42	Waveform 1	2	12.551477164	12.551477164	0.0	48000.0	21-ZOOM0006	c	2023
43	Waveform 1	2	12.562608417	12.562608417	0.0	48000.0	21-ZOOM0006	c	2023
44	Waveform 1	2	12.569814438	12.569814438	0.0	48000.0	21-ZOOM0006	c	2023
45	Waveform 1	2	12.580184077	12.580184077	0.0	48000.0	21-ZOOM0006	c	2023
46	Waveform 1	2	12.590783178	12.590783178	0.0	48000.0	21-ZOOM0006	c	2023
47	Waveform 1	2	12.598570172	12.598570172	0.0	48000.0	21-ZOOM0006	c	2023
48	Waveform 1	2	12.609452436	12.609452436	0.0	48000.0	21-ZOOM0006	c	2023
49	Waveform 1	2	12.617112495	12.617112495	0.0	48000.0	21-ZOOM0006	c	2023
50	Waveform 1	2	12.626432479	12.626432479	0.0	48000.0	21-ZOOM0006	c	2023
51	Waveform 1	2	12.637163397	12.637163397	0.0	48000.0	21-ZOOM0006	c	2023
52	Waveform 1	2	12.644525646	12.644525646	0.0	48000.0	21-ZOOM0006	c	2023
53	Waveform 1	2	12.654353369	12.654353369	0.0	48000.0	21-ZOOM0006	c	2023
54	Waveform 1	2	12.663282783	12.663282783	0.0	48000.0	21-ZOOM0006	c	2023
55	Waveform 1	2	12.671645868	12.671645868	0.0	48000.0	21-ZOOM0006	c	2023
56	Waveform 1	2	12.681610292	12.681610292	0.0	48000.0	21-ZOOM0006	c	2023
57	Waveform 1	2	12.691730943	12.691730943	0.0	48000.0	21-ZOOM0006	c	2023
58	Waveform 1	2	13.064505843	13.064505843	0.0	48000.0	21-ZOOM0006	d	2023
59	Waveform 1	2	13.071301766	13.071301766	0.0	48000.0	21-ZOOM0006	d	2023
60	Waveform 1	2	13.080836563	13.080836563	0.0	48000.0	21-ZOOM0006	d	2023
61	Waveform 1	2	13.092080105	13.092080105	0.0	48000.0	21-ZOOM0006	d	2023
62	Waveform 1	2	13.099564407	13.099564407	0.0	48000.0	21-ZOOM0006	d	2023
63	Waveform 1	2	13.110353911	13.110353911	0.0	48000.0	21-ZOOM0006	d	2023
64	Waveform 1	2	13.120235337	13.120235337	0.0	48000.0	21-ZOOM0006	d	2023
65	Waveform 1	2	13.128598424	13.128598424	0.0	48000.0	21-ZOOM0006	d	2023
66	Waveform 1	2	13.139983545	13.139983545	0.0	48000.0	21-ZOOM0006	d	2023
67	Waveform 1	2	13.147130983	13.147130983	0.0	48000.0	21-ZOOM0006	d	2023
68	Waveform 1	2	13.156748774	13.156748774	0.0	48000.0	21-ZOOM0006	d	2023
69	Waveform 1	2	13.166552089	13.166552089	0.0	48000.0	21-ZOOM0006	d	2023
70	Waveform 1	2	13.174080330	13.174080330	0.0	48000.0	21-ZOOM0006	d	2023
71	Waveform 1	2	13.184215629	13.184215629	0.0	48000.0	21-ZOOM0006	d	2023
72	Waveform 1	2	13.191953802	13.191953802	0.0	48000.0	21-ZOOM0006	d	2023
73	Waveform 1	2	13.200936917	13.200936917	0.0	48000.0	21-ZOOM0006	d	2023
74	Waveform 1	2	13.210857402	13.210857402	0.0	48000.0	21-ZOOM0006	d	2023
75	Waveform 1	2	13.219054495	13.219054495	0.0	48000.0	21-ZOOM0006	d	2023
76	Waveform 1	2	13.228808988	13.228808988	0.0	48000.0	21-ZOOM0006	d	2023
77	Waveform 1	2	13.239906066	13.239906066	0.0	48000.0	21-ZOOM0006	d	2023
78	Waveform 1	2	13.731038378	13.731038378	0.0	48000.0	21-ZOOM0006	e	2023
79	Waveform 1	2	13.737795244	13.737795244	0.0	48000.0	21-ZOOM0006	e	2023
80	Waveform 1	2	13.747242161	13.747242161	0.0	48000.0	21-ZOOM0006	e	2023
81	Waveform 1	2	13.758578463	13.758578463	0.0	48000.0	21-ZOOM0006	e	2023
82	Waveform 1	2	13.765779601	13.765779601	0.0	48000.0	21-ZOOM0006	e	2023
83	Waveform 1	2	13.776271296	13.776271296	0.0	48000.0	21-ZOOM0006	e	2023
84	Waveform 1	2	13.786470060	13.786470060	0.0	48000.0	21-ZOOM0006	e	2023
85	Waveform 1	2	13.794491398	13.794491398	0.0	48000.0	21-ZOOM0006	e	2023
86	Waveform 1	2	13.805705647	13.805705647	0.0	48000.0	21-ZOOM0006	e	2023
87	Waveform 1	2	13.813033721	13.813033721	0.0	48000.0	21-ZOOM0006	e	2023
88	Waveform 1	2	13.822592927	13.822592927	0.0	48000.0	21-ZOOM0006	e	2023
89	Waveform 1	2	13.832796576	13.832796576	0.0	48000.0	21-ZOOM0006	e	2023
90	Waveform 1	2	13.840183236	13.840183236	0.0	48000.0	21-ZOOM0006	e	2023
91	Waveform 1	2	13.849605744	13.849605744	0.0	48000.0	21-ZOOM0006	e	2023
92	Waveform 1	2	13.858618152	13.858618152	0.0	48000.0	21-ZOOM0006	e	2023
93	Waveform 1	2	13.866937298	13.866937298	0.0	48000.0	21-ZOOM0006	e	2023
94	Waveform 1	2	13.877106772	13.877106772	0.0	48000.0	21-ZOOM0006	e	2023
95	Waveform 1	2	13.886495103	13.886495103	0.0	48000.0	21-ZOOM0006	e	2023
96	Waveform 1	2	14.240854616	14.240854616	0.0	48000.0	21-ZOOM0006	f	2023
97	Waveform 1	2	14.247753065	14.247753065	0.0	48000.0	21-ZOOM0006	f	2023
98	Waveform 1	2	14.257517320	14.257517320	0.0	48000.0	21-ZOOM0006	f	2023
99	Waveform 1	2	14.268726687	14.268726687	0.0	48000.0	21-ZOOM0006	f	2023
100	Waveform 1	2	14.276147522	14.276147522	0.0	48000.0	21-ZOOM0006	f	2023
101	Waveform 1	2	14.286976083	14.286976083	0.0	48000.0	21-ZOOM0006	f	2023
102	Waveform 1	2	14.296530406	14.296530406	0.0	48000.0	21-ZOOM0006	f	2023
103	Waveform 1	2	14.304678680	14.304678680	0.0	48000.0	21-ZOOM0006	f	2023
104	Waveform 1	2	14.315946630	14.315946630	0.0	48000.0	21-ZOOM0006	f	2023
105	Waveform 1	2	14.323221003	14.323221003	0.0	48000.0	21-ZOOM0006	f	2023
106	Waveform 1	2	14.332785091	14.332785091	0.0	48000.0	21-ZOOM0006	f	2023
107	Waveform 1	2	14.342344299	14.342344299	0.0	48000.0	21-ZOOM0006	f	2023
108	Waveform 1	2	14.350106882	14.350106882	0.0	48000.0	21-ZOOM0006	f	2023
109	Waveform 1	2	14.360066425	14.360066425	0.0	48000.0	21-ZOOM0006	f	2023
110	Waveform 1	2	14.367799715	14.367799715	0.0	48000.0	21-ZOOM0006	f	2023
111	Waveform 1	2	14.376890237	14.376890237	0.0	48000.0	21-ZOOM0006	f	2023
112	Waveform 1	2	14.386620320	14.386620320	0.0	48000.0	21-ZOOM0006	f	2023
113	Waveform 1	2	14.394871116	14.394871116	0.0	48000.0	21-ZOOM0006	f	2023
114	Waveform 1	2	14.403912818	14.403912818	0.0	48000.0	21-ZOOM0006	f	2023
115	Waveform 1	2	14.414321514	14.414321514	0.0	48000.0	21-ZOOM0006	f	2023
116	Waveform 1	2	14.902812619	14.902812619	0.0	48000.0	21-ZOOM0006	g	2023
117	Waveform 1	2	14.909452313	14.909452313	0.0	48000.0	21-ZOOM0006	g	2023
118	Waveform 1	2	14.918713709	14.918713709	0.0	48000.0	21-ZOOM0006	g	2023
119	Waveform 1	2	14.930084186	14.930084186	0.0	48000.0	21-ZOOM0006	g	2023
120	Waveform 1	2	14.937309736	14.937309736	0.0	48000.0	21-ZOOM0006	g	2023
121	Waveform 1	2	14.947850251	14.947850251	0.0	48000.0	21-ZOOM0006	g	2023
122	Waveform 1	2	14.958122250	14.958122250	0.0	48000.0	21-ZOOM0006	g	2023
123	Waveform 1	2	14.966041061	14.966041061	0.0	48000.0	21-ZOOM0006	g	2023
124	Waveform 1	2	14.977269956	14.977269956	0.0	48000.0	21-ZOOM0006	g	2023
125	Waveform 1	2	14.984529681	14.984529681	0.0	48000.0	21-ZOOM0006	g	2023
126	Waveform 1	2	14.994108417	14.994108417	0.0	48000.0	21-ZOOM0006	g	2023
127	Waveform 1	2	15.004590345	15.004590345	0.0	48000.0	21-ZOOM0006	g	2023
128	Waveform 1	2	15.011996533	15.011996533	0.0	48000.0	21-ZOOM0006	g	2023
129	Waveform 1	2	15.021780319	15.021780319	0.0	48000.0	21-ZOOM0006	g	2023
130	Waveform 1	2	15.030660909	15.030660909	0.0	48000.0	21-ZOOM0006	g	2023
131	Waveform 1	2	15.039141168	15.039141168	0.0	48000.0	21-ZOOM0006	g	2023
132	Waveform 1	2	15.049047004	15.049047004	0.0	48000.0	21-ZOOM0006	g	2023
133	Waveform 1	2	15.058210760	15.058210760	0.0	48000.0	21-ZOOM0006	g	2023
134	Waveform 1	2	15.069229724	15.069229724	0.0	48000.0	21-ZOOM0006	g	2023
135	Waveform 1	2	15.415201739	15.415201739	0.0	48000.0	21-ZOOM0006	h	2023
136	Waveform 1	2	15.422012308	15.422012308	0.0	48000.0	21-ZOOM0006	h	2023
137	Waveform 1	2	15.431722862	15.431722862	0.0	48000.0	21-ZOOM0006	h	2023
138	Waveform 1	2	15.442917583	15.442917583	0.0	48000.0	21-ZOOM0006	h	2023
139	Waveform 1	2	15.450460470	15.450460470	0.0	48000.0	21-ZOOM0006	h	2023
140	Waveform 1	2	15.461186506	15.461186506	0.0	48000.0	21-ZOOM0006	h	2023
141	Waveform 1	2	15.470228207	15.470228207	0.0	48000.0	21-ZOOM0006	h	2023
142	Waveform 1	2	15.478801226	15.478801226	0.0	48000.0	21-ZOOM0006	h	2023
143	Waveform 1	2	15.490191229	15.490191229	0.0	48000.0	21-ZOOM0006	h	2023
144	Waveform 1	2	15.497348431	15.497348431	0.0	48000.0	21-ZOOM0006	h	2023
145	Waveform 1	2	15.507156625	15.507156625	0.0	48000.0	21-ZOOM0006	h	2023
146	Waveform 1	2	15.516271560	15.516271560	0.0	48000.0	21-ZOOM0006	h	2023
147	Waveform 1	2	15.523990204	15.523990204	0.0	48000.0	21-ZOOM0006	h	2023
148	Waveform 1	2	15.534257318	15.534257318	0.0	48000.0	21-ZOOM0006	h	2023
149	Waveform 1	2	15.541829501	15.541829501	0.0	48000.0	21-ZOOM0006	h	2023
150	Waveform 1	2	15.551051840	15.551051840	0.0	48000.0	21-ZOOM0006	h	2023
151	Waveform 1	2	15.560503641	15.560503641	0.0	48000.0	21-ZOOM0006	h	2023
152	Waveform 1	2	15.568773965	15.568773965	0.0	48000.0	21-ZOOM0006	h	2023
153	Waveform 1	2	15.578167179	15.578167179	0.0	48000.0	21-ZOOM0006	h	2023
154	Waveform 1	2	15.587638509	15.587638509	0.0	48000.0	21-ZOOM0006	h	2023
155	Waveform 1	2	16.098435943	16.098435943	0.0	48000.0	21-ZOOM0006	i	2023
156	Waveform 1	2	16.105056086	16.105056086	0.0	48000.0	21-ZOOM0006	i	2023
157	Waveform 1	2	16.114532253	16.114532253	0.0	48000.0	21-ZOOM0006	i	2023
158	Waveform 1	2	16.125795323	16.125795323	0.0	48000.0	21-ZOOM0006	i	2023
159	Waveform 1	2	16.133079458	16.133079458	0.0	48000.0	21-ZOOM0006	i	2023
160	Waveform 1	2	16.143375865	16.143375865	0.0	48000.0	21-ZOOM0006	i	2023
161	Waveform 1	2	16.153960297	16.153960297	0.0	48000.0	21-ZOOM0006	i	2023
162	Waveform 1	2	16.161840028	16.161840028	0.0	48000.0	21-ZOOM0006	i	2023
163	Waveform 1	2	16.172981046	16.172981046	0.0	48000.0	21-ZOOM0006	i	2023
164	Waveform 1	2	16.180645986	16.180645986	0.0	48000.0	21-ZOOM0006	i	2023
165	Waveform 1	2	16.189853681	16.189853681	0.0	48000.0	21-ZOOM0006	i	2023
166	Waveform 1	2	16.200623657	16.200623657	0.0	48000.0	21-ZOOM0006	i	2023
167	Waveform 1	2	16.208005434	16.208005434	0.0	48000.0	21-ZOOM0006	i	2023
168	Waveform 1	2	16.217906389	16.217906389	0.0	48000.0	21-ZOOM0006	i	2023
169	Waveform 1	2	16.226933423	16.226933423	0.0	48000.0	21-ZOOM0006	i	2023
170	Waveform 1	2	16.235438089	16.235438089	0.0	48000.0	21-ZOOM0006	i	2023
171	Waveform 1	2	16.245671008	16.245671008	0.0	48000.0	21-ZOOM0006	i	2023
172	Waveform 1	2	16.256255461	16.256255461	0.0	48000.0	21-ZOOM0006	i	2023
173	Waveform 1	2	16.613114398	16.613114398	0.0	48000.0	21-ZOOM0006	j	2023
174	Waveform 1	2	16.619905438	16.619905438	0.0	48000.0	21-ZOOM0006	j	2023
175	Waveform 1	2	16.629689222	16.629689222	0.0	48000.0	21-ZOOM0006	j	2023
176	Waveform 1	2	16.641040170	16.641040170	0.0	48000.0	21-ZOOM0006	j	2023
177	Waveform 1	2	16.648436597	16.648436597	0.0	48000.0	21-ZOOM0006	j	2023
178	Waveform 1	2	16.659201665	16.659201665	0.0	48000.0	21-ZOOM0006	j	2023
179	Waveform 1	2	16.669019581	16.669019581	0.0	48000.0	21-ZOOM0006	j	2023
180	Waveform 1	2	16.677099502	16.677099502	0.0	48000.0	21-ZOOM0006	j	2023
181	Waveform 1	2	16.688469979	16.688469979	0.0	48000.0	21-ZOOM0006	j	2023
182	Waveform 1	2	16.695827346	16.695827346	0.0	48000.0	21-ZOOM0006	j	2023
183	Waveform 1	2	16.705391414	16.705391414	0.0	48000.0	21-ZOOM0006	j	2023
184	Waveform 1	2	16.715233760	16.715233760	0.0	48000.0	21-ZOOM0006	j	2023
185	Waveform 1	2	16.722801038	16.722801038	0.0	48000.0	21-ZOOM0006	j	2023
186	Waveform 1	2	16.732716639	16.732716639	0.0	48000.0	21-ZOOM0006	j	2023
187	Waveform 1	2	16.740679389	16.740679389	0.0	48000.0	21-ZOOM0006	j	2023
188	Waveform 1	2	16.749325640	16.749325640	0.0	48000.0	21-ZOOM0006	j	2023
189	Waveform 1	2	16.759001994	16.759001994	0.0	48000.0	21-ZOOM0006	j	2023
190	Waveform 1	2	16.767892351	16.767892351	0.0	48000.0	21-ZOOM0006	j	2023
191	Waveform 1	2	16.777217215	16.777217215	0.0	48000.0	21-ZOOM0006	j	2023
192	Waveform 1	2	16.787318339	16.787318339	0.0	48000.0	21-ZOOM0006	j	2023
