Selection	View	Channel	Begin Time (s)	End Time (s)	Low Freq (Hz)	High Freq (Hz)	file	syllable	year
1	Waveform 1	2	44.429656389	44.429656389	0.000	48000.000	22-ZOOM0004	a	2023
2	Waveform 1	2	44.436045526	44.436045526	0.000	48000.000	22-ZOOM0004	a	2023
3	Waveform 1	2	44.444600602	44.444600602	0.000	48000.000	22-ZOOM0004	a	2023
4	Waveform 1	2	44.455764511	44.455764511	0.000	48000.000	22-ZOOM0004	a	2023
5	Waveform 1	2	44.464160319	44.464160319	0.000	48000.000	22-ZOOM0004	a	2023
6	Waveform 1	2	44.473822679	44.473822679	0.000	48000.000	22-ZOOM0004	a	2023
7	Waveform 1	2	44.485646020	44.485646020	0.000	48000.000	22-ZOOM0004	a	2023
8	Waveform 1	2	44.493029893	44.493029893	0.000	48000.000	22-ZOOM0004	a	2023
9	Waveform 1	2	44.503181588	44.503181588	0.000	48000.000	22-ZOOM0004	a	2023
10	Waveform 1	2	44.513666865	44.513666865	0.000	48000.000	22-ZOOM0004	a	2023
11	Waveform 1	2	44.521860287	44.521860287	0.000	48000.000	22-ZOOM0004	a	2023
12	Waveform 1	2	44.533187452	44.533187452	0.000	48000.000	22-ZOOM0004	a	2023
13	Waveform 1	2	44.541739948	44.541739948	0.000	48000.000	22-ZOOM0004	a	2023
14	Waveform 1	2	44.551780967	44.551780967	0.000	48000.000	22-ZOOM0004	a	2023
15	Waveform 1	2	44.561939502	44.561939502	0.000	48000.000	22-ZOOM0004	a	2023
16	Waveform 1	2	44.571281960	44.571281960	0.000	48000.000	22-ZOOM0004	a	2023
17	Waveform 1	2	44.582145585	44.582145585	0.000	48000.000	22-ZOOM0004	a	2023
18	Waveform 1	2	44.593662081	44.593662081	0.000	48000.000	22-ZOOM0004	a	2023
19	Waveform 1	2	44.947291449	44.947291449	0.000	48000.000	22-ZOOM0004	b	2023
20	Waveform 1	2	44.953402242	44.953402242	0.000	48000.000	22-ZOOM0004	b	2023
21	Waveform 1	2	44.961817636	44.961817636	0.000	48000.000	22-ZOOM0004	b	2023
22	Waveform 1	2	44.972694319	44.972694319	0.000	48000.000	22-ZOOM0004	b	2023
23	Waveform 1	2	44.981148885	44.981148885	0.000	48000.000	22-ZOOM0004	b	2023
24	Waveform 1	2	44.991013641	44.991013641	0.000	48000.000	22-ZOOM0004	b	2023
25	Waveform 1	2	45.002543185	45.002543185	0.000	48000.000	22-ZOOM0004	b	2023
26	Waveform 1	2	45.010351418	45.010351418	0.000	48000.000	22-ZOOM0004	b	2023
27	Waveform 1	2	45.020947370	45.020947370	0.000	48000.000	22-ZOOM0004	b	2023
28	Waveform 1	2	45.029343170	45.029343170	0.000	48000.000	22-ZOOM0004	b	2023
29	Waveform 1	2	45.038163339	45.038163339	0.000	48000.000	22-ZOOM0004	b	2023
30	Waveform 1	2	45.048543847	45.048543847	0.000	48000.000	22-ZOOM0004	b	2023
31	Waveform 1	2	45.056874369	45.056874369	0.000	48000.000	22-ZOOM0004	b	2023
32	Waveform 1	2	45.066504086	45.066504086	0.000	48000.000	22-ZOOM0004	b	2023
33	Waveform 1	2	45.077119633	45.077119633	0.000	48000.000	22-ZOOM0004	b	2023
34	Waveform 1	2	45.085091082	45.085091082	0.000	48000.000	22-ZOOM0004	b	2023
35	Waveform 1	2	45.095987350	45.095987350	0.000	48000.000	22-ZOOM0004	b	2023
36	Waveform 1	2	45.104703061	45.104703061	0.000	48000.000	22-ZOOM0004	b	2023
37	Waveform 1	2	45.115063983	45.115063983	0.000	48000.000	22-ZOOM0004	b	2023
38	Waveform 1	2	45.125992903	45.125992903	0.000	48000.000	22-ZOOM0004	b	2023
39	Waveform 1	2	45.570983815	45.570983815	0.000	48000.000	22-ZOOM0004	c	2023
40	Waveform 1	2	45.576964036	45.576964036	0.000	48000.000	22-ZOOM0004	c	2023
41	Waveform 1	2	45.585098700	45.585098700	0.000	48000.000	22-ZOOM0004	c	2023
42	Waveform 1	2	45.596432386	45.596432386	0.000	48000.000	22-ZOOM0004	c	2023
43	Waveform 1	2	45.604710679	45.604710679	0.000	48000.000	22-ZOOM0004	c	2023
44	Waveform 1	2	45.614797399	45.614797399	0.000	48000.000	22-ZOOM0004	c	2023
45	Waveform 1	2	45.626007050	45.626007050	0.000	48000.000	22-ZOOM0004	c	2023
46	Waveform 1	2	45.633625953	45.633625953	0.000	48000.000	22-ZOOM0004	c	2023
47	Waveform 1	2	45.644189262	45.644189262	0.000	48000.000	22-ZOOM0004	c	2023
48	Waveform 1	2	45.653270575	45.653270575	0.000	48000.000	22-ZOOM0004	c	2023
49	Waveform 1	2	45.662031987	45.662031987	0.000	48000.000	22-ZOOM0004	c	2023
50	Waveform 1	2	45.673444016	45.673444016	0.000	48000.000	22-ZOOM0004	c	2023
51	Waveform 1	2	45.680991104	45.680991104	0.000	48000.000	22-ZOOM0004	c	2023
52	Waveform 1	2	45.691149639	45.691149639	0.000	48000.000	22-ZOOM0004	c	2023
53	Waveform 1	2	45.702032859	45.702032859	0.000	48000.000	22-ZOOM0004	c	2023
54	Waveform 1	2	45.711421017	45.711421017	0.000	48000.000	22-ZOOM0004	c	2023
55	Waveform 1	2	45.721847225	45.721847225	0.000	48000.000	22-ZOOM0004	c	2023
56	Waveform 1	2	45.734238555	45.734238555	0.000	48000.000	22-ZOOM0004	c	2023
57	Waveform 1	2	46.086588314	46.086588314	0.000	48000.000	22-ZOOM0004	d	2023
58	Waveform 1	2	46.092770922	46.092770922	0.000	48000.000	22-ZOOM0004	d	2023
59	Waveform 1	2	46.101166709	46.101166709	0.000	48000.000	22-ZOOM0004	d	2023
60	Waveform 1	2	46.111958519	46.111958519	0.000	48000.000	22-ZOOM0004	d	2023
61	Waveform 1	2	46.120491429	46.120491429	0.000	48000.000	22-ZOOM0004	d	2023
62	Waveform 1	2	46.130095031	46.130095031	0.000	48000.000	22-ZOOM0004	d	2023
63	Waveform 1	2	46.141663756	46.141663756	0.000	48000.000	22-ZOOM0004	d	2023
64	Waveform 1	2	46.149452403	46.149452403	0.000	48000.000	22-ZOOM0004	d	2023
65	Waveform 1	2	46.160263799	46.160263799	0.000	48000.000	22-ZOOM0004	d	2023
66	Waveform 1	2	46.168672665	46.168672665	0.000	48000.000	22-ZOOM0004	d	2023
67	Waveform 1	2	46.178034709	46.178034709	0.000	48000.000	22-ZOOM0004	d	2023
68	Waveform 1	2	46.189303117	46.189303117	0.000	48000.000	22-ZOOM0004	d	2023
69	Waveform 1	2	46.196517238	46.196517238	0.000	48000.000	22-ZOOM0004	d	2023
70	Waveform 1	2	46.206688839	46.206688839	0.000	48000.000	22-ZOOM0004	d	2023
71	Waveform 1	2	46.216227155	46.216227155	0.000	48000.000	22-ZOOM0004	d	2023
72	Waveform 1	2	46.224779650	46.224779650	0.000	48000.000	22-ZOOM0004	d	2023
73	Waveform 1	2	46.235604104	46.235604104	0.000	48000.000	22-ZOOM0004	d	2023
74	Waveform 1	2	46.245410093	46.245410093	0.000	48000.000	22-ZOOM0004	d	2023
75	Waveform 1	2	46.256162741	46.256162741	0.000	48000.000	22-ZOOM0004	d	2023
76	Waveform 1	2	46.268397376	46.268397376	0.000	48000.000	22-ZOOM0004	d	2023
77	Waveform 1	2	46.678048856	46.678048856	0.000	48000.000	22-ZOOM0004	e	2023
78	Waveform 1	2	46.684414265	46.684414265	0.000	48000.000	22-ZOOM0004	e	2023
79	Waveform 1	2	46.692829660	46.692829660	0.000	48000.000	22-ZOOM0004	e	2023
80	Waveform 1	2	46.703588827	46.703588827	0.000	48000.000	22-ZOOM0004	e	2023
81	Waveform 1	2	46.712624440	46.712624440	0.000	48000.000	22-ZOOM0004	e	2023
82	Waveform 1	2	46.722280280	46.722280280	0.000	48000.000	22-ZOOM0004	e	2023
83	Waveform 1	2	46.733862053	46.733862053	0.000	48000.000	22-ZOOM0004	e	2023
84	Waveform 1	2	46.741304684	46.741304684	0.000	48000.000	22-ZOOM0004	e	2023
85	Waveform 1	2	46.751626434	46.751626434	0.000	48000.000	22-ZOOM0004	e	2023
86	Waveform 1	2	46.761562996	46.761562996	0.000	48000.000	22-ZOOM0004	e	2023
87	Waveform 1	2	46.769743360	46.769743360	0.000	48000.000	22-ZOOM0004	e	2023
88	Waveform 1	2	46.780587409	46.780587409	0.000	48000.000	22-ZOOM0004	e	2023
89	Waveform 1	2	46.788878759	46.788878759	0.000	48000.000	22-ZOOM0004	e	2023
90	Waveform 1	2	46.798671692	46.798671692	0.000	48000.000	22-ZOOM0004	e	2023
91	Waveform 1	2	46.809731176	46.809731176	0.000	48000.000	22-ZOOM0004	e	2023
92	Waveform 1	2	46.818316314	46.818316314	0.000	48000.000	22-ZOOM0004	e	2023
93	Waveform 1	2	46.828990609	46.828990609	0.000	48000.000	22-ZOOM0004	e	2023
94	Waveform 1	2	46.840050102	46.840050102	0.000	48000.000	22-ZOOM0004	e	2023
95	Waveform 1	2	47.185140031	47.185140031	0.000	48000.000	22-ZOOM0004	f	2023
96	Waveform 1	2	47.191622956	47.191622956	0.000	48000.000	22-ZOOM0004	f	2023
97	Waveform 1	2	47.199881663	47.199881663	0.000	48000.000	22-ZOOM0004	f	2023
98	Waveform 1	2	47.210686531	47.210686531	0.000	48000.000	22-ZOOM0004	f	2023
99	Waveform 1	2	47.219271669	47.219271669	0.000	48000.000	22-ZOOM0004	f	2023
100	Waveform 1	2	47.228888338	47.228888338	0.000	48000.000	22-ZOOM0004	f	2023
101	Waveform 1	2	47.240404825	47.240404825	0.000	48000.000	22-ZOOM0004	f	2023
102	Waveform 1	2	47.247782169	47.247782169	0.000	48000.000	22-ZOOM0004	f	2023
103	Waveform 1	2	47.258234492	47.258234492	0.000	48000.000	22-ZOOM0004	f	2023
104	Waveform 1	2	47.267270105	47.267270105	0.000	48000.000	22-ZOOM0004	f	2023
105	Waveform 1	2	47.275874829	47.275874829	0.000	48000.000	22-ZOOM0004	f	2023
106	Waveform 1	2	47.287208524	47.287208524	0.000	48000.000	22-ZOOM0004	f	2023
107	Waveform 1	2	47.294520573	47.294520573	0.000	48000.000	22-ZOOM0004	f	2023
108	Waveform 1	2	47.303902212	47.303902212	0.000	48000.000	22-ZOOM0004	f	2023
109	Waveform 1	2	47.314641793	47.314641793	0.000	48000.000	22-ZOOM0004	f	2023
110	Waveform 1	2	47.322534898	47.322534898	0.000	48000.000	22-ZOOM0004	f	2023
111	Waveform 1	2	47.332895820	47.332895820	0.000	48000.000	22-ZOOM0004	f	2023
112	Waveform 1	2	47.342812796	47.342812796	0.000	48000.000	22-ZOOM0004	f	2023
113	Waveform 1	2	47.352782010	47.352782010	0.000	48000.000	22-ZOOM0004	f	2023
114	Waveform 1	2	47.363397548	47.363397548	0.000	48000.000	22-ZOOM0004	f	2023
115	Waveform 1	2	47.835945774	47.835945774	0.000	48000.000	22-ZOOM0004	g	2023
116	Waveform 1	2	47.841958637	47.841958637	0.000	48000.000	22-ZOOM0004	g	2023
117	Waveform 1	2	47.850315274	47.850315274	0.000	48000.000	22-ZOOM0004	g	2023
118	Waveform 1	2	47.862275716	47.862275716	0.000	48000.000	22-ZOOM0004	g	2023
119	Waveform 1	2	47.870221050	47.870221050	0.000	48000.000	22-ZOOM0004	g	2023
120	Waveform 1	2	47.879733252	47.879733252	0.000	48000.000	22-ZOOM0004	g	2023
121	Waveform 1	2	47.891687156	47.891687156	0.000	48000.000	22-ZOOM0004	g	2023
122	Waveform 1	2	47.899397460	47.899397460	0.000	48000.000	22-ZOOM0004	g	2023
123	Waveform 1	2	47.909973826	47.909973826	0.000	48000.000	22-ZOOM0004	g	2023
124	Waveform 1	2	47.920014855	47.920014855	0.000	48000.000	22-ZOOM0004	g	2023
125	Waveform 1	2	47.928449835	47.928449835	0.000	48000.000	22-ZOOM0004	g	2023
126	Waveform 1	2	47.939855335	47.939855335	0.000	48000.000	22-ZOOM0004	g	2023
127	Waveform 1	2	47.947944299	47.947944299	0.000	48000.000	22-ZOOM0004	g	2023
128	Waveform 1	2	47.958239935	47.958239935	0.000	48000.000	22-ZOOM0004	g	2023
129	Waveform 1	2	47.968404998	47.968404998	0.000	48000.000	22-ZOOM0004	g	2023
130	Waveform 1	2	47.979000959	47.979000959	0.000	48000.000	22-ZOOM0004	g	2023
131	Waveform 1	2	47.990452160	47.990452160	0.000	48000.000	22-ZOOM0004	g	2023
132	Waveform 1	2	48.346059707	48.346059707	0.000	48000.000	22-ZOOM0004	h	2023
133	Waveform 1	2	48.352425116	48.352425116	0.000	48000.000	22-ZOOM0004	h	2023
134	Waveform 1	2	48.360912325	48.360912325	0.000	48000.000	22-ZOOM0004	h	2023
135	Waveform 1	2	48.372396169	48.372396169	0.000	48000.000	22-ZOOM0004	h	2023
136	Waveform 1	2	48.380406789	48.380406789	0.000	48000.000	22-ZOOM0004	h	2023
137	Waveform 1	2	48.390506566	48.390506566	0.000	48000.000	22-ZOOM0004	h	2023
138	Waveform 1	2	48.401428958	48.401428958	0.000	48000.000	22-ZOOM0004	h	2023
139	Waveform 1	2	48.409198011	48.409198011	0.000	48000.000	22-ZOOM0004	h	2023
140	Waveform 1	2	48.419793972	48.419793972	0.000	48000.000	22-ZOOM0004	h	2023
141	Waveform 1	2	48.428261595	48.428261595	0.000	48000.000	22-ZOOM0004	h	2023
142	Waveform 1	2	48.437212336	48.437212336	0.000	48000.000	22-ZOOM0004	h	2023
143	Waveform 1	2	48.448337106	48.448337106	0.000	48000.000	22-ZOOM0004	h	2023
144	Waveform 1	2	48.456608871	48.456608871	0.000	48000.000	22-ZOOM0004	h	2023
145	Waveform 1	2	48.465983972	48.465983972	0.000	48000.000	22-ZOOM0004	h	2023
146	Waveform 1	2	48.475639803	48.475639803	0.000	48000.000	22-ZOOM0004	h	2023
147	Waveform 1	2	48.484283699	48.484283699	0.000	48000.000	22-ZOOM0004	h	2023
148	Waveform 1	2	48.494233327	48.494233327	0.000	48000.000	22-ZOOM0004	h	2023
149	Waveform 1	2	48.504874979	48.504874979	0.000	48000.000	22-ZOOM0004	h	2023
150	Waveform 1	2	48.514968228	48.514968228	0.000	48000.000	22-ZOOM0004	h	2023
151	Waveform 1	2	48.526119121	48.526119121	0.000	48000.000	22-ZOOM0004	h	2023
152	Waveform 1	2	48.957412980	48.957412980	0.000	48000.000	22-ZOOM0004	i	2023
153	Waveform 1	2	48.963843676	48.963843676	0.000	48000.000	22-ZOOM0004	i	2023
154	Waveform 1	2	48.972226427	48.972226427	0.000	48000.000	22-ZOOM0004	i	2023
155	Waveform 1	2	48.983429540	48.983429540	0.000	48000.000	22-ZOOM0004	i	2023
156	Waveform 1	2	48.992021216	48.992021216	0.000	48000.000	22-ZOOM0004	i	2023
157	Waveform 1	2	49.001716219	49.001716219	0.000	48000.000	22-ZOOM0004	i	2023
158	Waveform 1	2	49.013513437	49.013513437	0.000	48000.000	22-ZOOM0004	i	2023
159	Waveform 1	2	49.020969125	49.020969125	0.000	48000.000	22-ZOOM0004	i	2023
160	Waveform 1	2	49.031016673	49.031016673	0.000	48000.000	22-ZOOM0004	i	2023
161	Waveform 1	2	49.041815021	49.041815021	0.000	48000.000	22-ZOOM0004	i	2023
162	Waveform 1	2	49.049871333	49.049871333	0.000	48000.000	22-ZOOM0004	i	2023
163	Waveform 1	2	49.060499937	49.060499937	0.000	48000.000	22-ZOOM0004	i	2023
164	Waveform 1	2	49.069333162	49.069333162	0.000	48000.000	22-ZOOM0004	i	2023
165	Waveform 1	2	49.078956351	49.078956351	0.000	48000.000	22-ZOOM0004	i	2023
166	Waveform 1	2	49.090113764	49.090113764	0.000	48000.000	22-ZOOM0004	i	2023
167	Waveform 1	2	49.098901289	49.098901289	0.000	48000.000	22-ZOOM0004	i	2023
168	Waveform 1	2	49.110137055	49.110137055	0.000	48000.000	22-ZOOM0004	i	2023
169	Waveform 1	2	49.121842871	49.121842871	0.000	48000.000	22-ZOOM0004	i	2023
170	Waveform 1	2	49.475426547	49.475426547	0.000	48000.000	22-ZOOM0004	j	2023
171	Waveform 1	2	49.481844177	49.481844177	0.000	48000.000	22-ZOOM0004	j	2023
172	Waveform 1	2	49.490233457	49.490233457	0.000	48000.000	22-ZOOM0004	j	2023
173	Waveform 1	2	49.501031805	49.501031805	0.000	48000.000	22-ZOOM0004	j	2023
174	Waveform 1	2	49.509571243	49.509571243	0.000	48000.000	22-ZOOM0004	j	2023
175	Waveform 1	2	49.519886464	49.519886464	0.000	48000.000	22-ZOOM0004	j	2023
176	Waveform 1	2	49.530808847	49.530808847	0.000	48000.000	22-ZOOM0004	j	2023
177	Waveform 1	2	49.538669309	49.538669309	0.000	48000.000	22-ZOOM0004	j	2023
178	Waveform 1	2	49.549506829	49.549506829	0.000	48000.000	22-ZOOM0004	j	2023
179	Waveform 1	2	49.558157253	49.558157253	0.000	48000.000	22-ZOOM0004	j	2023
180	Waveform 1	2	49.567010065	49.567010065	0.000	48000.000	22-ZOOM0004	j	2023
181	Waveform 1	2	49.578402508	49.578402508	0.000	48000.000	22-ZOOM0004	j	2023
182	Waveform 1	2	49.586367428	49.586367428	0.000	48000.000	22-ZOOM0004	j	2023
183	Waveform 1	2	49.595344284	49.595344284	0.000	48000.000	22-ZOOM0004	j	2023
184	Waveform 1	2	49.606181795	49.606181795	0.000	48000.000	22-ZOOM0004	j	2023
185	Waveform 1	2	49.614212001	49.614212001	0.000	48000.000	22-ZOOM0004	j	2023
186	Waveform 1	2	49.624657803	49.624657803	0.000	48000.000	22-ZOOM0004	j	2023
187	Waveform 1	2	49.634241820	49.634241820	0.000	48000.000	22-ZOOM0004	j	2023
188	Waveform 1	2	49.644876944	49.644876944	0.000	48000.000	22-ZOOM0004	j	2023
189	Waveform 1	2	49.656517474	49.656517474	0.000	48000.000	22-ZOOM0004	j	2023
