Selection	View	Channel	Begin Time (s)	End Time (s)	Low Freq (Hz)	High Freq (Hz)	file	syllable	year
1	Waveform 1	2	12.988459150	12.988459150	0.0	48000.0	23-ZOOM0010	a	2023
2	Waveform 1	2	12.996135458	12.996135458	0.0	48000.0	23-ZOOM0010	a	2023
3	Waveform 1	2	13.004018469	13.004018469	0.0	48000.0	23-ZOOM0010	a	2023
4	Waveform 1	2	13.013743942	13.013743942	0.0	48000.0	23-ZOOM0010	a	2023
5	Waveform 1	2	13.021881580	13.021881580	0.0	48000.0	23-ZOOM0010	a	2023
6	Waveform 1	2	13.030819939	13.030819939	0.0	48000.0	23-ZOOM0010	a	2023
7	Waveform 1	2	13.041229948	13.041229948	0.0	48000.0	23-ZOOM0010	a	2023
8	Waveform 1	2	13.048631674	13.048631674	0.0	48000.0	23-ZOOM0010	a	2023
9	Waveform 1	2	13.058590134	13.058590134	0.0	48000.0	23-ZOOM0010	a	2023
10	Waveform 1	2	13.066998669	13.066998669	0.0	48000.0	23-ZOOM0010	a	2023
11	Waveform 1	2	13.076139463	13.076139463	0.0	48000.0	23-ZOOM0010	a	2023
12	Waveform 1	2	13.087257311	13.087257311	0.0	48000.0	23-ZOOM0010	a	2023
13	Waveform 1	2	13.095208216	13.095208216	0.0	48000.0	23-ZOOM0010	a	2023
14	Waveform 1	2	13.106155200	13.106155200	0.0	48000.0	23-ZOOM0010	a	2023
15	Waveform 1	2	13.116510278	13.116510278	0.0	48000.0	23-ZOOM0010	a	2023
16	Waveform 1	2	13.457575434	13.457575434	0.0	48000.0	23-ZOOM0010	b	2023
17	Waveform 1	2	13.464183900	13.464183900	0.0	48000.0	23-ZOOM0010	b	2023
18	Waveform 1	2	13.472153112	13.472153112	0.0	48000.0	23-ZOOM0010	b	2023
19	Waveform 1	2	13.481898003	13.481898003	0.0	48000.0	23-ZOOM0010	b	2023
20	Waveform 1	2	13.489592624	13.489592624	0.0	48000.0	23-ZOOM0010	b	2023
21	Waveform 1	2	13.498727325	13.498727325	0.0	48000.0	23-ZOOM0010	b	2023
22	Waveform 1	2	13.509320393	13.509320393	0.0	48000.0	23-ZOOM0010	b	2023
23	Waveform 1	2	13.516819751	13.516819751	0.0	48000.0	23-ZOOM0010	b	2023
24	Waveform 1	2	13.526576846	13.526576846	0.0	48000.0	23-ZOOM0010	b	2023
25	Waveform 1	2	13.534906075	13.534906075	0.0	48000.0	23-ZOOM0010	b	2023
26	Waveform 1	2	13.543412261	13.543412261	0.0	48000.0	23-ZOOM0010	b	2023
27	Waveform 1	2	13.554151785	13.554151785	0.0	48000.0	23-ZOOM0010	b	2023
28	Waveform 1	2	13.561565715	13.561565715	0.0	48000.0	23-ZOOM0010	b	2023
29	Waveform 1	2	13.571316709	13.571316709	0.0	48000.0	23-ZOOM0010	b	2023
30	Waveform 1	2	13.581598575	13.581598575	0.0	48000.0	23-ZOOM0010	b	2023
31	Waveform 1	2	13.589769139	13.589769139	0.0	48000.0	23-ZOOM0010	b	2023
32	Waveform 1	2	13.599697090	13.599697090	0.0	48000.0	23-ZOOM0010	b	2023
33	Waveform 1	2	13.609435888	13.609435888	0.0	48000.0	23-ZOOM0010	b	2023
34	Waveform 1	2	13.619888610	13.619888610	0.0	48000.0	23-ZOOM0010	b	2023
35	Waveform 1	2	14.090987388	14.090987388	0.0	48000.0	23-ZOOM0010	c	2023
36	Waveform 1	2	14.097522622	14.097522622	0.0	48000.0	23-ZOOM0010	c	2023
37	Waveform 1	2	14.105577261	14.105577261	0.0	48000.0	23-ZOOM0010	c	2023
38	Waveform 1	2	14.115456405	14.115456405	0.0	48000.0	23-ZOOM0010	c	2023
39	Waveform 1	2	14.123083904	14.123083904	0.0	48000.0	23-ZOOM0010	c	2023
40	Waveform 1	2	14.132169780	14.132169780	0.0	48000.0	23-ZOOM0010	c	2023
41	Waveform 1	2	14.142421137	14.142421137	0.0	48000.0	23-ZOOM0010	c	2023
42	Waveform 1	2	14.149975412	14.149975412	0.0	48000.0	23-ZOOM0010	c	2023
43	Waveform 1	2	14.160165749	14.160165749	0.0	48000.0	23-ZOOM0010	c	2023
44	Waveform 1	2	14.168647536	14.168647536	0.0	48000.0	23-ZOOM0010	c	2023
45	Waveform 1	2	14.177489332	14.177489332	0.0	48000.0	23-ZOOM0010	c	2023
46	Waveform 1	2	14.188625478	14.188625478	0.0	48000.0	23-ZOOM0010	c	2023
47	Waveform 1	2	14.196295691	14.196295691	0.0	48000.0	23-ZOOM0010	c	2023
48	Waveform 1	2	14.206955882	14.206955882	0.0	48000.0	23-ZOOM0010	c	2023
49	Waveform 1	2	14.216169908	14.216169908	0.0	48000.0	23-ZOOM0010	c	2023
50	Waveform 1	2	14.226164981	14.226164981	0.0	48000.0	23-ZOOM0010	c	2023
51	Waveform 1	2	14.577682867	14.577682867	0.0	48000.0	23-ZOOM0010	d	2023
52	Waveform 1	2	14.584523210	14.584523210	0.0	48000.0	23-ZOOM0010	d	2023
53	Waveform 1	2	14.592571747	14.592571747	0.0	48000.0	23-ZOOM0010	d	2023
54	Waveform 1	2	14.602426474	14.602426474	0.0	48000.0	23-ZOOM0010	d	2023
55	Waveform 1	2	14.610011260	14.610011260	0.0	48000.0	23-ZOOM0010	d	2023
56	Waveform 1	2	14.619304603	14.619304603	0.0	48000.0	23-ZOOM0010	d	2023
57	Waveform 1	2	14.629678008	14.629678008	0.0	48000.0	23-ZOOM0010	d	2023
58	Waveform 1	2	14.637189570	14.637189570	0.0	48000.0	23-ZOOM0010	d	2023
59	Waveform 1	2	14.647434825	14.647434825	0.0	48000.0	23-ZOOM0010	d	2023
60	Waveform 1	2	14.655111140	14.655111140	0.0	48000.0	23-ZOOM0010	d	2023
61	Waveform 1	2	14.664142098	14.664142098	0.0	48000.0	23-ZOOM0010	d	2023
62	Waveform 1	2	14.675058580	14.675058580	0.0	48000.0	23-ZOOM0010	d	2023
63	Waveform 1	2	14.682307755	14.682307755	0.0	48000.0	23-ZOOM0010	d	2023
64	Waveform 1	2	14.691961116	14.691961116	0.0	48000.0	23-ZOOM0010	d	2023
65	Waveform 1	2	14.702090433	14.702090433	0.0	48000.0	23-ZOOM0010	d	2023
66	Waveform 1	2	14.710230500	14.710230500	0.0	48000.0	23-ZOOM0010	d	2023
67	Waveform 1	2	14.720103541	14.720103541	0.0	48000.0	23-ZOOM0010	d	2023
68	Waveform 1	2	14.729854535	14.729854535	0.0	48000.0	23-ZOOM0010	d	2023
69	Waveform 1	2	14.740142503	14.740142503	0.0	48000.0	23-ZOOM0010	d	2023
70	Waveform 1	2	15.245156191	15.245156191	0.0	48000.0	23-ZOOM0010	e	2023
71	Waveform 1	2	15.251862290	15.251862290	0.0	48000.0	23-ZOOM0010	e	2023
72	Waveform 1	2	15.259898623	15.259898623	0.0	48000.0	23-ZOOM0010	e	2023
73	Waveform 1	2	15.269832676	15.269832676	0.0	48000.0	23-ZOOM0010	e	2023
74	Waveform 1	2	15.277295422	15.277295422	0.0	48000.0	23-ZOOM0010	e	2023
75	Waveform 1	2	15.286002982	15.286002982	0.0	48000.0	23-ZOOM0010	e	2023
76	Waveform 1	2	15.296370277	15.296370277	0.0	48000.0	23-ZOOM0010	e	2023
77	Waveform 1	2	15.303961164	15.303961164	0.0	48000.0	23-ZOOM0010	e	2023
78	Waveform 1	2	15.313815891	15.313815891	0.0	48000.0	23-ZOOM0010	e	2023
79	Waveform 1	2	15.322749218	15.322749218	0.0	48000.0	23-ZOOM0010	e	2023
80	Waveform 1	2	15.331761870	15.331761870	0.0	48000.0	23-ZOOM0010	e	2023
81	Waveform 1	2	15.342916329	15.342916329	0.0	48000.0	23-ZOOM0010	e	2023
82	Waveform 1	2	15.350513319	15.350513319	0.0	48000.0	23-ZOOM0010	e	2023
83	Waveform 1	2	15.360075150	15.360075150	0.0	48000.0	23-ZOOM0010	e	2023
84	Waveform 1	2	15.371418772	15.371418772	0.0	48000.0	23-ZOOM0010	e	2023
85	Waveform 1	2	15.381407743	15.381407743	0.0	48000.0	23-ZOOM0010	e	2023
86	Waveform 1	2	15.716242764	15.716242764	0.0	48000.0	23-ZOOM0010	f	2023
87	Waveform 1	2	15.722790211	15.722790211	0.0	48000.0	23-ZOOM0010	f	2023
88	Waveform 1	2	15.730991298	15.730991298	0.0	48000.0	23-ZOOM0010	f	2023
89	Waveform 1	2	15.741047391	15.741047391	0.0	48000.0	23-ZOOM0010	f	2023
90	Waveform 1	2	15.748205037	15.748205037	0.0	48000.0	23-ZOOM0010	f	2023
91	Waveform 1	2	15.757211587	15.757211587	0.0	48000.0	23-ZOOM0010	f	2023
92	Waveform 1	2	15.767444638	15.767444638	0.0	48000.0	23-ZOOM0010	f	2023
93	Waveform 1	2	15.774998922	15.774998922	0.0	48000.0	23-ZOOM0010	f	2023
94	Waveform 1	2	15.785000097	15.785000097	0.0	48000.0	23-ZOOM0010	f	2023
95	Waveform 1	2	15.793182878	15.793182878	0.0	48000.0	23-ZOOM0010	f	2023
96	Waveform 1	2	15.802165020	15.802165020	0.0	48000.0	23-ZOOM0010	f	2023
97	Waveform 1	2	15.813026576	15.813026576	0.0	48000.0	23-ZOOM0010	f	2023
98	Waveform 1	2	15.820751707	15.820751707	0.0	48000.0	23-ZOOM0010	f	2023
99	Waveform 1	2	15.830923746	15.830923746	0.0	48000.0	23-ZOOM0010	f	2023
100	Waveform 1	2	15.839576381	15.839576381	0.0	48000.0	23-ZOOM0010	f	2023
101	Waveform 1	2	15.848351055	15.848351055	0.0	48000.0	23-ZOOM0010	f	2023
102	Waveform 1	2	15.859237019	15.859237019	0.0	48000.0	23-ZOOM0010	f	2023
103	Waveform 1	2	15.868115427	15.868115427	0.0	48000.0	23-ZOOM0010	f	2023
104	Waveform 1	2	15.880301124	15.880301124	0.0	48000.0	23-ZOOM0010	f	2023
105	Waveform 1	2	16.380298860	16.380298860	0.0	48000.0	23-ZOOM0010	g	2023
106	Waveform 1	2	16.387328364	16.387328364	0.0	48000.0	23-ZOOM0010	g	2023
107	Waveform 1	2	16.395267065	16.395267065	0.0	48000.0	23-ZOOM0010	g	2023
108	Waveform 1	2	16.404889925	16.404889925	0.0	48000.0	23-ZOOM0010	g	2023
109	Waveform 1	2	16.412364866	16.412364866	0.0	48000.0	23-ZOOM0010	g	2023
110	Waveform 1	2	16.421121227	16.421121227	0.0	48000.0	23-ZOOM0010	g	2023
111	Waveform 1	2	16.431403094	16.431403094	0.0	48000.0	23-ZOOM0010	g	2023
112	Waveform 1	2	16.439030593	16.439030593	0.0	48000.0	23-ZOOM0010	g	2023
113	Waveform 1	2	16.448586331	16.448586331	0.0	48000.0	23-ZOOM0010	g	2023
114	Waveform 1	2	16.457263373	16.457263373	0.0	48000.0	23-ZOOM0010	g	2023
115	Waveform 1	2	16.466135680	16.466135680	0.0	48000.0	23-ZOOM0010	g	2023
116	Waveform 1	2	16.477088744	16.477088744	0.0	48000.0	23-ZOOM0010	g	2023
117	Waveform 1	2	16.484582000	16.484582000	0.0	48000.0	23-ZOOM0010	g	2023
118	Waveform 1	2	16.494351299	16.494351299	0.0	48000.0	23-ZOOM0010	g	2023
119	Waveform 1	2	16.505273863	16.505273863	0.0	48000.0	23-ZOOM0010	g	2023
120	Waveform 1	2	16.514463472	16.514463472	0.0	48000.0	23-ZOOM0010	g	2023
121	Waveform 1	2	16.875787068	16.875787068	0.0	48000.0	23-ZOOM0010	h	2023
122	Waveform 1	2	16.882303997	16.882303997	0.0	48000.0	23-ZOOM0010	h	2023
123	Waveform 1	2	16.890358636	16.890358636	0.0	48000.0	23-ZOOM0010	h	2023
124	Waveform 1	2	16.900225575	16.900225575	0.0	48000.0	23-ZOOM0010	h	2023
125	Waveform 1	2	16.907718831	16.907718831	0.0	48000.0	23-ZOOM0010	h	2023
126	Waveform 1	2	16.916646055	16.916646055	0.0	48000.0	23-ZOOM0010	h	2023
127	Waveform 1	2	16.926750964	16.926750964	0.0	48000.0	23-ZOOM0010	h	2023
128	Waveform 1	2	16.934274730	16.934274730	0.0	48000.0	23-ZOOM0010	h	2023
129	Waveform 1	2	16.944538290	16.944538290	0.0	48000.0	23-ZOOM0010	h	2023
130	Waveform 1	2	16.952525808	16.952525808	0.0	48000.0	23-ZOOM0010	h	2023
131	Waveform 1	2	16.961160144	16.961160144	0.0	48000.0	23-ZOOM0010	h	2023
132	Waveform 1	2	16.971576255	16.971576255	0.0	48000.0	23-ZOOM0010	h	2023
133	Waveform 1	2	16.979093918	16.979093918	0.0	48000.0	23-ZOOM0010	h	2023
134	Waveform 1	2	16.988802198	16.988802198	0.0	48000.0	23-ZOOM0010	h	2023
135	Waveform 1	2	16.997924686	16.997924686	0.0	48000.0	23-ZOOM0010	h	2023
136	Waveform 1	2	17.006681033	17.006681033	0.0	48000.0	23-ZOOM0010	h	2023
137	Waveform 1	2	17.017804983	17.017804983	0.0	48000.0	23-ZOOM0010	h	2023
138	Waveform 1	2	17.026518637	17.026518637	0.0	48000.0	23-ZOOM0010	h	2023
139	Waveform 1	2	17.037435090	17.037435090	0.0	48000.0	23-ZOOM0010	h	2023
140	Waveform 1	2	17.523355436	17.523355436	0.0	48000.0	23-ZOOM0010	i	2023
141	Waveform 1	2	17.530531388	17.530531388	0.0	48000.0	23-ZOOM0010	i	2023
142	Waveform 1	2	17.538421273	17.538421273	0.0	48000.0	23-ZOOM0010	i	2023
143	Waveform 1	2	17.548196674	17.548196674	0.0	48000.0	23-ZOOM0010	i	2023
144	Waveform 1	2	17.555689930	17.555689930	0.0	48000.0	23-ZOOM0010	i	2023
145	Waveform 1	2	17.564806316	17.564806316	0.0	48000.0	23-ZOOM0010	i	2023
146	Waveform 1	2	17.575259047	17.575259047	0.0	48000.0	23-ZOOM0010	i	2023
147	Waveform 1	2	17.582971974	17.582971974	0.0	48000.0	23-ZOOM0010	i	2023
148	Waveform 1	2	17.592722967	17.592722967	0.0	48000.0	23-ZOOM0010	i	2023
149	Waveform 1	2	17.601101012	17.601101012	0.0	48000.0	23-ZOOM0010	i	2023
150	Waveform 1	2	17.610070950	17.610070950	0.0	48000.0	23-ZOOM0010	i	2023
151	Waveform 1	2	17.621054554	17.621054554	0.0	48000.0	23-ZOOM0010	i	2023
152	Waveform 1	2	17.628590524	17.628590524	0.0	48000.0	23-ZOOM0010	i	2023
153	Waveform 1	2	17.637975398	17.637975398	0.0	48000.0	23-ZOOM0010	i	2023
154	Waveform 1	2	17.649056625	17.649056625	0.0	48000.0	23-ZOOM0010	i	2023
155	Waveform 1	2	17.658093685	17.658093685	0.0	48000.0	23-ZOOM0010	i	2023
156	Waveform 1	2	18.005425542	18.005425542	0.0	48000.0	23-ZOOM0010	j	2023
157	Waveform 1	2	18.012424536	18.012424536	0.0	48000.0	23-ZOOM0010	j	2023
158	Waveform 1	2	18.020485277	18.020485277	0.0	48000.0	23-ZOOM0010	j	2023
159	Waveform 1	2	18.030297290	18.030297290	0.0	48000.0	23-ZOOM0010	j	2023
160	Waveform 1	2	18.037814954	18.037814954	0.0	48000.0	23-ZOOM0010	j	2023
161	Waveform 1	2	18.047175420	18.047175420	0.0	48000.0	23-ZOOM0010	j	2023
162	Waveform 1	2	18.057432864	18.057432864	0.0	48000.0	23-ZOOM0010	j	2023
163	Waveform 1	2	18.064999344	18.064999344	0.0	48000.0	23-ZOOM0010	j	2023
164	Waveform 1	2	18.075818173	18.075818173	0.0	48000.0	23-ZOOM0010	j	2023
165	Waveform 1	2	18.082994125	18.082994125	0.0	48000.0	23-ZOOM0010	j	2023
166	Waveform 1	2	18.091878635	18.091878635	0.0	48000.0	23-ZOOM0010	j	2023
167	Waveform 1	2	18.102343562	18.102343562	0.0	48000.0	23-ZOOM0010	j	2023
168	Waveform 1	2	18.109946653	18.109946653	0.0	48000.0	23-ZOOM0010	j	2023
169	Waveform 1	2	18.119575606	18.119575606	0.0	48000.0	23-ZOOM0010	j	2023
170	Waveform 1	2	18.128960480	18.128960480	0.0	48000.0	23-ZOOM0010	j	2023
171	Waveform 1	2	18.137710755	18.137710755	0.0	48000.0	23-ZOOM0010	j	2023
172	Waveform 1	2	18.148126844	18.148126844	0.0	48000.0	23-ZOOM0010	j	2023
173	Waveform 1	2	18.157224924	18.157224924	0.0	48000.0	23-ZOOM0010	j	2023
174	Waveform 1	2	18.168031570	18.168031570	0.0	48000.0	23-ZOOM0010	j	2023
