Selection	View	Channel	Begin Time (s)	End Time (s)	Low Freq (Hz)	High Freq (Hz)	file	syllable	year
1	Waveform 1	1	70.866142751	70.866142751	0.0	48000.0	27-ZOOM0006	a	2023
2	Waveform 1	1	70.872818007	70.872818007	0.0	48000.0	27-ZOOM0006	a	2023
3	Waveform 1	1	70.880322421	70.880322421	0.0	48000.0	27-ZOOM0006	a	2023
4	Waveform 1	1	70.889784448	70.889784448	0.0	48000.0	27-ZOOM0006	a	2023
5	Waveform 1	1	70.897741423	70.897741423	0.0	48000.0	27-ZOOM0006	a	2023
6	Waveform 1	1	70.905938835	70.905938835	0.0	48000.0	27-ZOOM0006	a	2023
7	Waveform 1	1	70.916266311	70.916266311	0.0	48000.0	27-ZOOM0006	a	2023
8	Waveform 1	1	70.923154715	70.923154715	0.0	48000.0	27-ZOOM0006	a	2023
9	Waveform 1	1	70.932385647	70.932385647	0.0	48000.0	27-ZOOM0006	a	2023
10	Waveform 1	1	70.942783105	70.942783105	0.0	48000.0	27-ZOOM0006	a	2023
11	Waveform 1	1	70.950406569	70.950406569	0.0	48000.0	27-ZOOM0006	a	2023
12	Waveform 1	1	70.960869420	70.960869420	0.0	48000.0	27-ZOOM0006	a	2023
13	Waveform 1	1	70.969304755	70.969309726	0.0	48000.0	27-ZOOM0006	a	2023
14	Waveform 1	1	70.979512690	70.979512690	0.0	48000.0	27-ZOOM0006	a	2023
15	Waveform 1	1	70.991353945	70.991353945	0.0	48000.0	27-ZOOM0006	a	2023
16	Waveform 1	1	71.403459858	71.403459858	0.0	48000.0	27-ZOOM0006	b	2023
17	Waveform 1	1	71.409338870	71.409338870	0.0	48000.0	27-ZOOM0006	b	2023
18	Waveform 1	1	71.416761408	71.416761408	0.0	48000.0	27-ZOOM0006	b	2023
19	Waveform 1	1	71.426325208	71.426325208	0.0	48000.0	27-ZOOM0006	b	2023
20	Waveform 1	1	71.434583648	71.434583648	0.0	48000.0	27-ZOOM0006	b	2023
21	Waveform 1	1	71.442483084	71.442483084	0.0	48000.0	27-ZOOM0006	b	2023
22	Waveform 1	1	71.453011540	71.453011540	0.0	48000.0	27-ZOOM0006	b	2023
23	Waveform 1	1	71.459685012	71.459685012	0.0	48000.0	27-ZOOM0006	b	2023
24	Waveform 1	1	71.469067224	71.469067224	0.0	48000.0	27-ZOOM0006	b	2023
25	Waveform 1	1	71.479137966	71.479137966	0.0	48000.0	27-ZOOM0006	b	2023
26	Waveform 1	1	71.486447008	71.486447008	0.0	48000.0	27-ZOOM0006	b	2023
27	Waveform 1	1	71.496684208	71.496684208	0.0	48000.0	27-ZOOM0006	b	2023
28	Waveform 1	1	71.504212675	71.504212675	0.0	48000.0	27-ZOOM0006	b	2023
29	Waveform 1	1	71.513882403	71.513882403	0.0	48000.0	27-ZOOM0006	b	2023
30	Waveform 1	1	71.524497918	71.524497918	0.0	48000.0	27-ZOOM0006	b	2023
31	Waveform 1	1	71.532465230	71.532465230	0.0	48000.0	27-ZOOM0006	b	2023
32	Waveform 1	1	71.543216938	71.543216938	0.0	48000.0	27-ZOOM0006	b	2023
33	Waveform 1	1	71.554377227	71.554377227	0.0	48000.0	27-ZOOM0006	b	2023
34	Waveform 1	1	72.253366876	72.253366876	0.0	48000.0	27-ZOOM0006	c	2023
35	Waveform 1	1	72.260063050	72.260063050	0.0	48000.0	27-ZOOM0006	c	2023
36	Waveform 1	1	72.267810937	72.267810937	0.0	48000.0	27-ZOOM0006	c	2023
37	Waveform 1	1	72.277624425	72.277624425	0.0	48000.0	27-ZOOM0006	c	2023
38	Waveform 1	1	72.285251253	72.285251253	0.0	48000.0	27-ZOOM0006	c	2023
39	Waveform 1	1	72.293740639	72.293740639	0.0	48000.0	27-ZOOM0006	c	2023
40	Waveform 1	1	72.304136732	72.304136732	0.0	48000.0	27-ZOOM0006	c	2023
41	Waveform 1	1	72.310984232	72.310984232	0.0	48000.0	27-ZOOM0006	c	2023
42	Waveform 1	1	72.320684225	72.320684225	0.0	48000.0	27-ZOOM0006	c	2023
43	Waveform 1	1	72.330686870	72.330686870	0.0	48000.0	27-ZOOM0006	c	2023
44	Waveform 1	1	72.338548254	72.338548254	0.0	48000.0	27-ZOOM0006	c	2023
45	Waveform 1	1	72.349042708	72.349042708	0.0	48000.0	27-ZOOM0006	c	2023
46	Waveform 1	1	72.357085683	72.357085683	0.0	48000.0	27-ZOOM0006	c	2023
47	Waveform 1	1	72.367436378	72.367436378	0.0	48000.0	27-ZOOM0006	c	2023
48	Waveform 1	1	72.379421392	72.379421392	0.0	48000.0	27-ZOOM0006	c	2023
49	Waveform 1	1	72.776145069	72.776145069	0.0	48000.0	27-ZOOM0006	d	2023
50	Waveform 1	1	72.782682351	72.782682351	0.0	48000.0	27-ZOOM0006	d	2023
51	Waveform 1	1	72.790248649	72.790248649	0.0	48000.0	27-ZOOM0006	d	2023
52	Waveform 1	1	72.799895678	72.799895678	0.0	48000.0	27-ZOOM0006	d	2023
53	Waveform 1	1	72.807575457	72.807575457	0.0	48000.0	27-ZOOM0006	d	2023
54	Waveform 1	1	72.816034578	72.816034578	0.0	48000.0	27-ZOOM0006	d	2023
55	Waveform 1	1	72.826544165	72.826544165	0.0	48000.0	27-ZOOM0006	d	2023
56	Waveform 1	1	72.833187375	72.833187375	0.0	48000.0	27-ZOOM0006	d	2023
57	Waveform 1	1	72.842849535	72.842849535	0.0	48000.0	27-ZOOM0006	d	2023
58	Waveform 1	1	72.852277142	72.852277142	0.0	48000.0	27-ZOOM0006	d	2023
59	Waveform 1	1	72.860115827	72.860115827	0.0	48000.0	27-ZOOM0006	d	2023
60	Waveform 1	1	72.870632980	72.870632980	0.0	48000.0	27-ZOOM0006	d	2023
61	Waveform 1	1	72.877624239	72.877624239	0.0	48000.0	27-ZOOM0006	d	2023
62	Waveform 1	1	72.887467992	72.887467992	0.0	48000.0	27-ZOOM0006	d	2023
63	Waveform 1	1	72.897599265	72.897599265	0.0	48000.0	27-ZOOM0006	d	2023
64	Waveform 1	1	72.905695203	72.905695203	0.0	48000.0	27-ZOOM0006	d	2023
65	Waveform 1	1	72.916545274	72.916545274	0.0	48000.0	27-ZOOM0006	d	2023
66	Waveform 1	1	72.927266717	72.927266717	0.0	48000.0	27-ZOOM0006	d	2023
67	Waveform 1	1	73.710930802	73.710930802	0.0	48000.0	27-ZOOM0006	e	2023
68	Waveform 1	1	73.717596709	73.717596709	0.0	48000.0	27-ZOOM0006	e	2023
69	Waveform 1	1	73.725291634	73.725291634	0.0	48000.0	27-ZOOM0006	e	2023
70	Waveform 1	1	73.734817602	73.734817602	0.0	48000.0	27-ZOOM0006	e	2023
71	Waveform 1	1	73.742686552	73.742686552	0.0	48000.0	27-ZOOM0006	e	2023
72	Waveform 1	1	73.751100275	73.751100275	0.0	48000.0	27-ZOOM0006	e	2023
73	Waveform 1	1	73.761488801	73.761488801	0.0	48000.0	27-ZOOM0006	e	2023
74	Waveform 1	1	73.768275769	73.768275769	0.0	48000.0	27-ZOOM0006	e	2023
75	Waveform 1	1	73.777832003	73.777832003	0.0	48000.0	27-ZOOM0006	e	2023
76	Waveform 1	1	73.788038938	73.788038938	0.0	48000.0	27-ZOOM0006	e	2023
77	Waveform 1	1	73.795870056	73.795870056	0.0	48000.0	27-ZOOM0006	e	2023
78	Waveform 1	1	73.806379643	73.806379643	0.0	48000.0	27-ZOOM0006	e	2023
79	Waveform 1	1	73.814747969	73.814747969	0.0	48000.0	27-ZOOM0006	e	2023
80	Waveform 1	1	73.825098664	73.825098664	0.0	48000.0	27-ZOOM0006	e	2023
81	Waveform 1	1	73.837144210	73.837144210	0.0	48000.0	27-ZOOM0006	e	2023
82	Waveform 1	1	74.274264349	74.274264349	0.0	48000.0	27-ZOOM0006	f	2023
83	Waveform 1	1	74.280794064	74.280794064	0.0	48000.0	27-ZOOM0006	f	2023
84	Waveform 1	1	74.288420891	74.288420891	0.0	48000.0	27-ZOOM0006	f	2023
85	Waveform 1	1	74.297871197	74.297871197	0.0	48000.0	27-ZOOM0006	f	2023
86	Waveform 1	1	74.305846074	74.305846074	0.0	48000.0	27-ZOOM0006	f	2023
87	Waveform 1	1	74.314108472	74.314108472	0.0	48000.0	27-ZOOM0006	f	2023
88	Waveform 1	1	74.324481865	74.324481865	0.0	48000.0	27-ZOOM0006	f	2023
89	Waveform 1	1	74.331510956	74.331510956	0.0	48000.0	27-ZOOM0006	f	2023
90	Waveform 1	1	74.340946129	74.340946129	0.0	48000.0	27-ZOOM0006	f	2023
91	Waveform 1	1	74.351667573	74.351667573	0.0	48000.0	27-ZOOM0006	f	2023
92	Waveform 1	1	74.358878254	74.358878254	0.0	48000.0	27-ZOOM0006	f	2023
93	Waveform 1	1	74.369244082	74.369244082	0.0	48000.0	27-ZOOM0006	f	2023
94	Waveform 1	1	74.377218960	74.377218960	0.0	48000.0	27-ZOOM0006	f	2023
95	Waveform 1	1	74.387002182	74.387002182	0.0	48000.0	27-ZOOM0006	f	2023
96	Waveform 1	1	74.398124639	74.398124639	0.0	48000.0	27-ZOOM0006	f	2023
97	Waveform 1	1	74.407037738	74.407037738	0.0	48000.0	27-ZOOM0006	f	2023
98	Waveform 1	1	74.418213159	74.418213159	0.0	48000.0	27-ZOOM0006	f	2023
99	Waveform 1	1	75.234215599	75.234215599	0.0	48000.0	27-ZOOM0006	g	2023
100	Waveform 1	1	75.240942036	75.240942036	0.0	48000.0	27-ZOOM0006	g	2023
101	Waveform 1	1	75.248636961	75.248636961	0.0	48000.0	27-ZOOM0006	g	2023
102	Waveform 1	1	75.258306690	75.258306690	0.0	48000.0	27-ZOOM0006	g	2023
103	Waveform 1	1	75.265948650	75.265948650	0.0	48000.0	27-ZOOM0006	g	2023
104	Waveform 1	1	75.274521266	75.274521266	0.0	48000.0	27-ZOOM0006	g	2023
105	Waveform 1	1	75.285015720	75.285015720	0.0	48000.0	27-ZOOM0006	g	2023
106	Waveform 1	1	75.291749725	75.291749725	0.0	48000.0	27-ZOOM0006	g	2023
107	Waveform 1	1	75.301192465	75.301192465	0.0	48000.0	27-ZOOM0006	g	2023
108	Waveform 1	1	75.311104314	75.311104314	0.0	48000.0	27-ZOOM0006	g	2023
109	Waveform 1	1	75.319003528	75.319003528	0.0	48000.0	27-ZOOM0006	g	2023
110	Waveform 1	1	75.329596344	75.329596344	0.0	48000.0	27-ZOOM0006	g	2023
111	Waveform 1	1	75.337639319	75.337639319	0.0	48000.0	27-ZOOM0006	g	2023
112	Waveform 1	1	75.348292665	75.348292665	0.0	48000.0	27-ZOOM0006	g	2023
113	Waveform 1	1	75.359952331	75.359952331	0.0	48000.0	27-ZOOM0006	g	2023
114	Waveform 1	1	75.751417430	75.751417430	0.0	48000.0	27-ZOOM0006	h	2023
115	Waveform 1	1	75.758143869	75.758143869	0.0	48000.0	27-ZOOM0006	h	2023
116	Waveform 1	1	75.765740400	75.765740400	0.0	48000.0	27-ZOOM0006	h	2023
117	Waveform 1	1	75.775432780	75.775432780	0.0	48000.0	27-ZOOM0006	h	2023
118	Waveform 1	1	75.783097440	75.783097440	0.0	48000.0	27-ZOOM0006	h	2023
119	Waveform 1	1	75.791745716	75.791745716	0.0	48000.0	27-ZOOM0006	h	2023
120	Waveform 1	1	75.802399065	75.802399065	0.0	48000.0	27-ZOOM0006	h	2023
121	Waveform 1	1	75.809163334	75.809163334	0.0	48000.0	27-ZOOM0006	h	2023
122	Waveform 1	1	75.818954122	75.818954122	0.0	48000.0	27-ZOOM0006	h	2023
123	Waveform 1	1	75.828048812	75.828048812	0.0	48000.0	27-ZOOM0006	h	2023
124	Waveform 1	1	75.835728604	75.835728604	0.0	48000.0	27-ZOOM0006	h	2023
125	Waveform 1	1	75.846056600	75.846056600	0.0	48000.0	27-ZOOM0006	h	2023
126	Waveform 1	1	75.853214318	75.853214318	0.0	48000.0	27-ZOOM0006	h	2023
127	Waveform 1	1	75.862914312	75.862914312	0.0	48000.0	27-ZOOM0006	h	2023
128	Waveform 1	1	75.873159078	75.873159078	0.0	48000.0	27-ZOOM0006	h	2023
129	Waveform 1	1	75.880899401	75.880899401	0.0	48000.0	27-ZOOM0006	h	2023
130	Waveform 1	1	75.891303060	75.891303060	0.0	48000.0	27-ZOOM0006	h	2023
131	Waveform 1	1	75.901926142	75.901926142	0.0	48000.0	27-ZOOM0006	h	2023
132	Waveform 1	1	76.697446662	76.697446662	0.0	48000.0	27-ZOOM0006	i	2023
133	Waveform 1	1	76.704112569	76.704112569	0.0	48000.0	27-ZOOM0006	i	2023
134	Waveform 1	1	76.711648601	76.711648601	0.0	48000.0	27-ZOOM0006	i	2023
135	Waveform 1	1	76.721386426	76.721386426	0.0	48000.0	27-ZOOM0006	i	2023
136	Waveform 1	1	76.728952724	76.728952724	0.0	48000.0	27-ZOOM0006	i	2023
137	Waveform 1	1	76.737396712	76.737396712	0.0	48000.0	27-ZOOM0006	i	2023
138	Waveform 1	1	76.747951697	76.747951697	0.0	48000.0	27-ZOOM0006	i	2023
139	Waveform 1	1	76.754768930	76.754768930	0.0	48000.0	27-ZOOM0006	i	2023
140	Waveform 1	1	76.764355429	76.764355429	0.0	48000.0	27-ZOOM0006	i	2023
141	Waveform 1	1	76.774630461	76.774630461	0.0	48000.0	27-ZOOM0006	i	2023
142	Waveform 1	1	76.782219458	76.782219458	0.0	48000.0	27-ZOOM0006	i	2023
143	Waveform 1	1	76.792698732	76.792698732	0.0	48000.0	27-ZOOM0006	i	2023
144	Waveform 1	1	76.800779538	76.800779538	0.0	48000.0	27-ZOOM0006	i	2023
145	Waveform 1	1	76.811213462	76.811213462	0.0	48000.0	27-ZOOM0006	i	2023
146	Waveform 1	1	76.823531394	76.823531394	0.0	48000.0	27-ZOOM0006	i	2023
147	Waveform 1	1	77.224340872	77.224340872	0.0	48000.0	27-ZOOM0006	j	2023
148	Waveform 1	1	77.230787358	77.230787358	0.0	48000.0	27-ZOOM0006	j	2023
149	Waveform 1	1	77.238489850	77.238489850	0.0	48000.0	27-ZOOM0006	j	2023
150	Waveform 1	1	77.248273072	77.248273072	0.0	48000.0	27-ZOOM0006	j	2023
151	Waveform 1	1	77.255574548	77.255574548	0.0	48000.0	27-ZOOM0006	j	2023
152	Waveform 1	1	77.264404417	77.264404417	0.0	48000.0	27-ZOOM0006	j	2023
153	Waveform 1	1	77.275012366	77.275012366	0.0	48000.0	27-ZOOM0006	j	2023
154	Waveform 1	1	77.281640443	77.281640443	0.0	48000.0	27-ZOOM0006	j	2023
155	Waveform 1	1	77.291204244	77.291204244	0.0	48000.0	27-ZOOM0006	j	2023
156	Waveform 1	1	77.300472958	77.300472958	0.0	48000.0	27-ZOOM0006	j	2023
157	Waveform 1	1	77.308372173	77.308372173	0.0	48000.0	27-ZOOM0006	j	2023
158	Waveform 1	1	77.319033086	77.319033086	0.0	48000.0	27-ZOOM0006	j	2023
159	Waveform 1	1	77.326054610	77.326054610	0.0	48000.0	27-ZOOM0006	j	2023
160	Waveform 1	1	77.336042123	77.336042123	0.0	48000.0	27-ZOOM0006	j	2023
161	Waveform 1	1	77.345991804	77.345991804	0.0	48000.0	27-ZOOM0006	j	2023
162	Waveform 1	1	77.353995667	77.353995667	0.0	48000.0	27-ZOOM0006	j	2023
163	Waveform 1	1	77.364664146	77.364664146	0.0	48000.0	27-ZOOM0006	j	2023
164	Waveform 1	1	77.375309926	77.375309926	0.0	48000.0	27-ZOOM0006	j	2023
