Selection	View	Channel	Begin Time (s)	End Time (s)	Low Freq (Hz)	High Freq (Hz)	file	syllable	year
1	Waveform 1	2	46.823045113	46.823045113	0.0	48000.0	28-ZOOM0020	a	2023
2	Waveform 1	2	46.829455601	46.829455601	0.0	48000.0	28-ZOOM0020	a	2023
3	Waveform 1	2	46.838712489	46.838712489	0.0	48000.0	28-ZOOM0020	a	2023
4	Waveform 1	2	46.849828078	46.849828078	0.0	48000.0	28-ZOOM0020	a	2023
5	Waveform 1	2	46.857075650	46.857075650	0.0	48000.0	28-ZOOM0020	a	2023
6	Waveform 1	2	46.868221855	46.868221855	0.0	48000.0	28-ZOOM0020	a	2023
7	Waveform 1	2	46.876518083	46.876518083	0.0	48000.0	28-ZOOM0020	a	2023
8	Waveform 1	2	46.885389374	46.885389374	0.0	48000.0	28-ZOOM0020	a	2023
9	Waveform 1	2	46.897440474	46.897440474	0.0	48000.0	28-ZOOM0020	a	2023
10	Waveform 1	2	46.904628841	46.904628841	0.0	48000.0	28-ZOOM0020	a	2023
11	Waveform 1	2	46.914997010	46.914997010	0.0	48000.0	28-ZOOM0020	a	2023
12	Waveform 1	2	46.925382093	46.925382093	0.0	48000.0	28-ZOOM0020	a	2023
13	Waveform 1	2	46.934067339	46.934067339	0.0	48000.0	28-ZOOM0020	a	2023
14	Waveform 1	2	46.946194544	46.946194544	0.0	48000.0	28-ZOOM0020	a	2023
15	Waveform 1	2	46.953924160	46.953924160	0.0	48000.0	28-ZOOM0020	a	2023
16	Waveform 1	2	46.965510123	46.965510123	0.0	48000.0	28-ZOOM0020	a	2023
17	Waveform 1	2	47.386435799	47.386435799	0.0	48000.0	28-ZOOM0020	b	2023
18	Waveform 1	2	47.392829225	47.392829225	0.0	48000.0	28-ZOOM0020	b	2023
19	Waveform 1	2	47.401945765	47.401945765	0.0	48000.0	28-ZOOM0020	b	2023
20	Waveform 1	2	47.412973573	47.412973573	0.0	48000.0	28-ZOOM0020	b	2023
21	Waveform 1	2	47.420407197	47.420407197	0.0	48000.0	28-ZOOM0020	b	2023
22	Waveform 1	2	47.432170756	47.432170756	0.0	48000.0	28-ZOOM0020	b	2023
23	Waveform 1	2	47.439765061	47.439765061	0.0	48000.0	28-ZOOM0020	b	2023
24	Waveform 1	2	47.448441810	47.448441810	0.0	48000.0	28-ZOOM0020	b	2023
25	Waveform 1	2	47.460729696	47.460729696	0.0	48000.0	28-ZOOM0020	b	2023
26	Waveform 1	2	47.467419106	47.467419106	0.0	48000.0	28-ZOOM0020	b	2023
27	Waveform 1	2	47.477254490	47.477254490	0.0	48000.0	28-ZOOM0020	b	2023
28	Waveform 1	2	47.488138531	47.488138531	0.0	48000.0	28-ZOOM0020	b	2023
29	Waveform 1	2	47.496121854	47.496121854	0.0	48000.0	28-ZOOM0020	b	2023
30	Waveform 1	2	47.507673989	47.507673989	0.0	48000.0	28-ZOOM0020	b	2023
31	Waveform 1	2	47.514836993	47.514836993	0.0	48000.0	28-ZOOM0020	b	2023
32	Waveform 1	2	47.524883800	47.524883800	0.0	48000.0	28-ZOOM0020	b	2023
33	Waveform 1	2	47.536824953	47.536824953	0.0	48000.0	28-ZOOM0020	b	2023
34	Waveform 1	2	47.546102182	47.546102182	0.0	48000.0	28-ZOOM0020	b	2023
35	Waveform 1	2	48.047326195	48.047326195	0.0	48000.0	28-ZOOM0020	c	2023
36	Waveform 1	2	48.053736535	48.053736535	0.0	48000.0	28-ZOOM0020	c	2023
37	Waveform 1	2	48.062836169	48.062836169	0.0	48000.0	28-ZOOM0020	c	2023
38	Waveform 1	2	48.073906261	48.073906261	0.0	48000.0	28-ZOOM0020	c	2023
39	Waveform 1	2	48.081179197	48.081179197	0.0	48000.0	28-ZOOM0020	c	2023
40	Waveform 1	2	48.092452255	48.092452255	0.0	48000.0	28-ZOOM0020	c	2023
41	Waveform 1	2	48.100765397	48.100765397	0.0	48000.0	28-ZOOM0020	c	2023
42	Waveform 1	2	48.109247677	48.109247677	0.0	48000.0	28-ZOOM0020	c	2023
43	Waveform 1	2	48.121493279	48.121493279	0.0	48000.0	28-ZOOM0020	c	2023
44	Waveform 1	2	48.128326463	48.128326463	0.0	48000.0	28-ZOOM0020	c	2023
45	Waveform 1	2	48.138288701	48.138288701	0.0	48000.0	28-ZOOM0020	c	2023
46	Waveform 1	2	48.148699148	48.148699148	0.0	48000.0	28-ZOOM0020	c	2023
47	Waveform 1	2	48.157359023	48.157359023	0.0	48000.0	28-ZOOM0020	c	2023
48	Waveform 1	2	48.169325547	48.169325547	0.0	48000.0	28-ZOOM0020	c	2023
49	Waveform 1	2	48.177072076	48.177072076	0.0	48000.0	28-ZOOM0020	c	2023
50	Waveform 1	2	48.188099884	48.188099884	0.0	48000.0	28-ZOOM0020	c	2023
51	Waveform 1	2	48.605236868	48.605236868	0.0	48000.0	28-ZOOM0020	d	2023
52	Waveform 1	2	48.611630286	48.611630286	0.0	48000.0	28-ZOOM0020	d	2023
53	Waveform 1	2	48.620941343	48.620941343	0.0	48000.0	28-ZOOM0020	d	2023
54	Waveform 1	2	48.632104461	48.632104461	0.0	48000.0	28-ZOOM0020	d	2023
55	Waveform 1	2	48.639470430	48.639470430	0.0	48000.0	28-ZOOM0020	d	2023
56	Waveform 1	2	48.651047936	48.651047936	0.0	48000.0	28-ZOOM0020	d	2023
57	Waveform 1	2	48.659065087	48.659065087	0.0	48000.0	28-ZOOM0020	d	2023
58	Waveform 1	2	48.667817988	48.667817988	0.0	48000.0	28-ZOOM0020	d	2023
59	Waveform 1	2	48.680300383	48.680300383	0.0	48000.0	28-ZOOM0020	d	2023
60	Waveform 1	2	48.687074369	48.687074369	0.0	48000.0	28-ZOOM0020	d	2023
61	Waveform 1	2	48.697095798	48.697095798	0.0	48000.0	28-ZOOM0020	d	2023
62	Waveform 1	2	48.707776873	48.707776873	0.0	48000.0	28-ZOOM0020	d	2023
63	Waveform 1	2	48.715709454	48.715709454	0.0	48000.0	28-ZOOM0020	d	2023
64	Waveform 1	2	48.727286961	48.727286961	0.0	48000.0	28-ZOOM0020	d	2023
65	Waveform 1	2	48.734855895	48.734855895	0.0	48000.0	28-ZOOM0020	d	2023
66	Waveform 1	2	48.744725107	48.744725107	0.0	48000.0	28-ZOOM0020	d	2023
67	Waveform 1	2	48.756996080	48.756996080	0.0	48000.0	28-ZOOM0020	d	2023
68	Waveform 1	2	48.767913948	48.767913948	0.0	48000.0	28-ZOOM0020	d	2023
69	Waveform 1	2	49.241103316	49.241103316	0.0	48000.0	28-ZOOM0020	e	2023
70	Waveform 1	2	49.247471363	49.247471363	0.0	48000.0	28-ZOOM0020	e	2023
71	Waveform 1	2	49.256554084	49.256554084	0.0	48000.0	28-ZOOM0020	e	2023
72	Waveform 1	2	49.267590348	49.267590348	0.0	48000.0	28-ZOOM0020	e	2023
73	Waveform 1	2	49.274956317	49.274956317	0.0	48000.0	28-ZOOM0020	e	2023
74	Waveform 1	2	49.286288573	49.286288573	0.0	48000.0	28-ZOOM0020	e	2023
75	Waveform 1	2	49.294846966	49.294846966	0.0	48000.0	28-ZOOM0020	e	2023
76	Waveform 1	2	49.303464556	49.303464556	0.0	48000.0	28-ZOOM0020	e	2023
77	Waveform 1	2	49.315718615	49.315718615	0.0	48000.0	28-ZOOM0020	e	2023
78	Waveform 1	2	49.322712480	49.322712480	0.0	48000.0	28-ZOOM0020	e	2023
79	Waveform 1	2	49.332810022	49.332810022	0.0	48000.0	28-ZOOM0020	e	2023
80	Waveform 1	2	49.343524924	49.343524924	0.0	48000.0	28-ZOOM0020	e	2023
81	Waveform 1	2	49.352015661	49.352015661	0.0	48000.0	28-ZOOM0020	e	2023
82	Waveform 1	2	49.363720021	49.363720021	0.0	48000.0	28-ZOOM0020	e	2023
83	Waveform 1	2	49.371407352	49.371407352	0.0	48000.0	28-ZOOM0020	e	2023
84	Waveform 1	2	49.382130711	49.382130711	0.0	48000.0	28-ZOOM0020	e	2023
85	Waveform 1	2	49.790464053	49.790464053	0.0	48000.0	28-ZOOM0020	f	2023
86	Waveform 1	2	49.797001239	49.797001239	0.0	48000.0	28-ZOOM0020	f	2023
87	Waveform 1	2	49.806506804	49.806506804	0.0	48000.0	28-ZOOM0020	f	2023
88	Waveform 1	2	49.817263991	49.817263991	0.0	48000.0	28-ZOOM0020	f	2023
89	Waveform 1	2	49.825095089	49.825095089	0.0	48000.0	28-ZOOM0020	f	2023
90	Waveform 1	2	49.837171553	49.837171553	0.0	48000.0	28-ZOOM0020	f	2023
91	Waveform 1	2	49.844182332	49.844182332	0.0	48000.0	28-ZOOM0020	f	2023
92	Waveform 1	2	49.853713268	49.853713268	0.0	48000.0	28-ZOOM0020	f	2023
93	Waveform 1	2	49.865620594	49.865620594	0.0	48000.0	28-ZOOM0020	f	2023
94	Waveform 1	2	49.872749770	49.872749770	0.0	48000.0	28-ZOOM0020	f	2023
95	Waveform 1	2	49.883506956	49.883506956	0.0	48000.0	28-ZOOM0020	f	2023
96	Waveform 1	2	49.892927946	49.892927946	0.0	48000.0	28-ZOOM0020	f	2023
97	Waveform 1	2	49.901190346	49.901190346	0.0	48000.0	28-ZOOM0020	f	2023
98	Waveform 1	2	49.912843965	49.912843965	0.0	48000.0	28-ZOOM0020	f	2023
99	Waveform 1	2	49.920091537	49.920091537	0.0	48000.0	28-ZOOM0020	f	2023
100	Waveform 1	2	49.930349767	49.930349767	0.0	48000.0	28-ZOOM0020	f	2023
101	Waveform 1	2	49.942451601	49.942451601	0.0	48000.0	28-ZOOM0020	f	2023
102	Waveform 1	2	49.952760572	49.952760572	0.0	48000.0	28-ZOOM0020	f	2023
103	Waveform 1	2	50.493875823	50.493875823	0.0	48000.0	28-ZOOM0020	g	2023
104	Waveform 1	2	50.500218506	50.500218506	0.0	48000.0	28-ZOOM0020	g	2023
105	Waveform 1	2	50.509301227	50.509301227	0.0	48000.0	28-ZOOM0020	g	2023
106	Waveform 1	2	50.520540457	50.520540457	0.0	48000.0	28-ZOOM0020	g	2023
107	Waveform 1	2	50.527881048	50.527881048	0.0	48000.0	28-ZOOM0020	g	2023
108	Waveform 1	2	50.538984968	50.538984968	0.0	48000.0	28-ZOOM0020	g	2023
109	Waveform 1	2	50.547644843	50.547644843	0.0	48000.0	28-ZOOM0020	g	2023
110	Waveform 1	2	50.556237063	50.556237063	0.0	48000.0	28-ZOOM0020	g	2023
111	Waveform 1	2	50.568398096	50.568398096	0.0	48000.0	28-ZOOM0020	g	2023
112	Waveform 1	2	50.575324306	50.575324306	0.0	48000.0	28-ZOOM0020	g	2023
113	Waveform 1	2	50.585278087	50.585278087	0.0	48000.0	28-ZOOM0020	g	2023
114	Waveform 1	2	50.596018360	50.596018360	0.0	48000.0	28-ZOOM0020	g	2023
115	Waveform 1	2	50.604035503	50.604035503	0.0	48000.0	28-ZOOM0020	g	2023
116	Waveform 1	2	50.615976664	50.615976664	0.0	48000.0	28-ZOOM0020	g	2023
117	Waveform 1	2	50.623807755	50.623807755	0.0	48000.0	28-ZOOM0020	g	2023
118	Waveform 1	2	50.634201295	50.634201295	0.0	48000.0	28-ZOOM0020	g	2023
119	Waveform 1	2	50.648518838	50.648518838	0.0	48000.0	28-ZOOM0020	g	2023
120	Waveform 1	2	51.083423788	51.083423788	0.0	48000.0	28-ZOOM0020	h	2023
121	Waveform 1	2	51.089758008	51.089758008	0.0	48000.0	28-ZOOM0020	h	2023
122	Waveform 1	2	51.098849185	51.098849185	0.0	48000.0	28-ZOOM0020	h	2023
123	Waveform 1	2	51.109614829	51.109614829	0.0	48000.0	28-ZOOM0020	h	2023
124	Waveform 1	2	51.117056910	51.117056910	0.0	48000.0	28-ZOOM0020	h	2023
125	Waveform 1	2	51.128609045	51.128609045	0.0	48000.0	28-ZOOM0020	h	2023
126	Waveform 1	2	51.136406317	51.136406317	0.0	48000.0	28-ZOOM0020	h	2023
127	Waveform 1	2	51.144930881	51.144930881	0.0	48000.0	28-ZOOM0020	h	2023
128	Waveform 1	2	51.157261052	51.157261052	0.0	48000.0	28-ZOOM0020	h	2023
129	Waveform 1	2	51.164144970	51.164144970	0.0	48000.0	28-ZOOM0020	h	2023
130	Waveform 1	2	51.174090295	51.174090295	0.0	48000.0	28-ZOOM0020	h	2023
131	Waveform 1	2	51.184729085	51.184729085	0.0	48000.0	28-ZOOM0020	h	2023
132	Waveform 1	2	51.192484071	51.192484071	0.0	48000.0	28-ZOOM0020	h	2023
133	Waveform 1	2	51.203960095	51.203960095	0.0	48000.0	28-ZOOM0020	h	2023
134	Waveform 1	2	51.211740452	51.211740452	0.0	48000.0	28-ZOOM0020	h	2023
135	Waveform 1	2	51.222057880	51.222057880	0.0	48000.0	28-ZOOM0020	h	2023
136	Waveform 1	2	51.234506447	51.234506447	0.0	48000.0	28-ZOOM0020	h	2023
137	Waveform 1	2	51.246498342	51.246498342	0.0	48000.0	28-ZOOM0020	h	2023
138	Waveform 1	2	51.754572454	51.754572454	0.0	48000.0	28-ZOOM0020	i	2023
139	Waveform 1	2	51.761058905	51.761058905	0.0	48000.0	28-ZOOM0020	i	2023
140	Waveform 1	2	51.770589841	51.770589841	0.0	48000.0	28-ZOOM0020	i	2023
141	Waveform 1	2	51.781397769	51.781397769	0.0	48000.0	28-ZOOM0020	i	2023
142	Waveform 1	2	51.788839843	51.788839843	0.0	48000.0	28-ZOOM0020	i	2023
143	Waveform 1	2	51.800256668	51.800256668	0.0	48000.0	28-ZOOM0020	i	2023
144	Waveform 1	2	51.808239991	51.808239991	0.0	48000.0	28-ZOOM0020	i	2023
145	Waveform 1	2	51.816899866	51.816899866	0.0	48000.0	28-ZOOM0020	i	2023
146	Waveform 1	2	51.829872762	51.829889675	0.0	48000.0	28-ZOOM0020	i	2023
147	Waveform 1	2	51.835970195	51.835970195	0.0	48000.0	28-ZOOM0020	i	2023
148	Waveform 1	2	51.846067744	51.846067744	0.0	48000.0	28-ZOOM0020	i	2023
149	Waveform 1	2	51.856934870	51.856934870	0.0	48000.0	28-ZOOM0020	i	2023
150	Waveform 1	2	51.865222635	51.865222635	0.0	48000.0	28-ZOOM0020	i	2023
151	Waveform 1	2	51.876757864	51.876757864	0.0	48000.0	28-ZOOM0020	i	2023
152	Waveform 1	2	51.884825748	51.884825748	0.0	48000.0	28-ZOOM0020	i	2023
153	Waveform 1	2	51.895608306	51.895608306	0.0	48000.0	28-ZOOM0020	i	2023
154	Waveform 1	2	52.309793831	52.309793831	0.0	48000.0	28-ZOOM0020	j	2023
155	Waveform 1	2	52.316254905	52.316254905	0.0	48000.0	28-ZOOM0020	j	2023
156	Waveform 1	2	52.325515220	52.325515220	0.0	48000.0	28-ZOOM0020	j	2023
157	Waveform 1	2	52.336441545	52.336441545	0.0	48000.0	28-ZOOM0020	j	2023
158	Waveform 1	2	52.343799057	52.343799057	0.0	48000.0	28-ZOOM0020	j	2023
159	Waveform 1	2	52.355571072	52.355571072	0.0	48000.0	28-ZOOM0020	j	2023
160	Waveform 1	2	52.363258403	52.363258403	0.0	48000.0	28-ZOOM0020	j	2023
161	Waveform 1	2	52.372028211	52.372028211	0.0	48000.0	28-ZOOM0020	j	2023
162	Waveform 1	2	52.384375303	52.384375303	0.0	48000.0	28-ZOOM0020	j	2023
163	Waveform 1	2	52.391149281	52.391149281	0.0	48000.0	28-ZOOM0020	j	2023
164	Waveform 1	2	52.401483623	52.401483623	0.0	48000.0	28-ZOOM0020	j	2023
165	Waveform 1	2	52.412519888	52.412519888	0.0	48000.0	28-ZOOM0020	j	2023
166	Waveform 1	2	52.420367900	52.420367900	0.0	48000.0	28-ZOOM0020	j	2023
167	Waveform 1	2	52.432080717	52.432080717	0.0	48000.0	28-ZOOM0020	j	2023
168	Waveform 1	2	52.439438229	52.439438229	0.0	48000.0	28-ZOOM0020	j	2023
169	Waveform 1	2	52.449654174	52.449654174	0.0	48000.0	28-ZOOM0020	j	2023
170	Waveform 1	2	52.462060457	52.462060457	0.0	48000.0	28-ZOOM0020	j	2023
171	Waveform 1	2	52.473688705	52.473697162	0.0	48000.0	28-ZOOM0020	j	2023
