Selection	View	Channel	Begin Time (s)	End Time (s)	Low Freq (Hz)	High Freq (Hz)	file	syllable	year
1	Waveform 1	2	8.905911631	8.905911631	0.0	48000.0	29-ZOOM0008	a	2023
2	Waveform 1	2	8.911342870	8.911342870	0.0	48000.0	29-ZOOM0008	a	2023
3	Waveform 1	2	8.919858363	8.919858363	0.0	48000.0	29-ZOOM0008	a	2023
4	Waveform 1	2	8.929264118	8.929264118	0.0	48000.0	29-ZOOM0008	a	2023
5	Waveform 1	2	8.937959486	8.937959486	0.0	48000.0	29-ZOOM0008	a	2023
6	Waveform 1	2	8.945342004	8.945342004	0.0	48000.0	29-ZOOM0008	a	2023
7	Waveform 1	2	8.954513954	8.954513954	0.0	48000.0	29-ZOOM0008	a	2023
8	Waveform 1	2	8.963775836	8.963775836	0.0	48000.0	29-ZOOM0008	a	2023
9	Waveform 1	2	8.970843630	8.970843630	0.0	48000.0	29-ZOOM0008	a	2023
10	Waveform 1	2	8.980051549	8.980051549	0.0	48000.0	29-ZOOM0008	a	2023
11	Waveform 1	2	8.989358380	8.989358380	0.0	48000.0	29-ZOOM0008	a	2023
12	Waveform 1	2	8.996650988	8.996650988	0.0	48000.0	29-ZOOM0008	a	2023
13	Waveform 1	2	9.005499179	9.005499179	0.0	48000.0	29-ZOOM0008	a	2023
14	Waveform 1	2	9.015390455	9.015390455	0.0	48000.0	29-ZOOM0008	a	2023
15	Waveform 1	2	9.022656033	9.022656033	0.0	48000.0	29-ZOOM0008	a	2023
16	Waveform 1	2	9.031765048	9.031765048	0.0	48000.0	29-ZOOM0008	a	2023
17	Waveform 1	2	9.042348761	9.042348761	0.0	48000.0	29-ZOOM0008	a	2023
18	Waveform 1	2	9.491549263	9.491549263	0.0	48000.0	29-ZOOM0008	b	2023
19	Waveform 1	2	9.497726837	9.497726837	0.0	48000.0	29-ZOOM0008	b	2023
20	Waveform 1	2	9.505918657	9.505918657	0.0	48000.0	29-ZOOM0008	b	2023
21	Waveform 1	2	9.515540213	9.515540213	0.0	48000.0	29-ZOOM0008	b	2023
22	Waveform 1	2	9.523552180	9.523552180	0.0	48000.0	29-ZOOM0008	b	2023
23	Waveform 1	2	9.531033568	9.531033568	0.0	48000.0	29-ZOOM0008	b	2023
24	Waveform 1	2	9.540340410	9.540340410	0.0	48000.0	29-ZOOM0008	b	2023
25	Waveform 1	2	9.549287514	9.549287514	0.0	48000.0	29-ZOOM0008	b	2023
26	Waveform 1	2	9.556490147	9.556490147	0.0	48000.0	29-ZOOM0008	b	2023
27	Waveform 1	2	9.565626086	9.565626086	0.0	48000.0	29-ZOOM0008	b	2023
28	Waveform 1	2	9.575130755	9.575130755	0.0	48000.0	29-ZOOM0008	b	2023
29	Waveform 1	2	9.582225525	9.582225525	0.0	48000.0	29-ZOOM0008	b	2023
30	Waveform 1	2	9.591037790	9.591037790	0.0	48000.0	29-ZOOM0008	b	2023
31	Waveform 1	2	9.600830196	9.600830196	0.0	48000.0	29-ZOOM0008	b	2023
32	Waveform 1	2	9.607736143	9.607736143	0.0	48000.0	29-ZOOM0008	b	2023
33	Waveform 1	2	9.616197716	9.616197716	0.0	48000.0	29-ZOOM0008	b	2023
34	Waveform 1	2	9.625954153	9.625954153	0.0	48000.0	29-ZOOM0008	b	2023
35	Waveform 1	2	9.635350906	9.635350906	0.0	48000.0	29-ZOOM0008	b	2023
36	Waveform 1	2	9.645853690	9.645853690	0.0	48000.0	29-ZOOM0008	b	2023
37	Waveform 1	2	10.209658633	10.209658633	0.0	48000.0	29-ZOOM0008	c	2023
38	Waveform 1	2	10.215494518	10.215494518	0.0	48000.0	29-ZOOM0008	c	2023
39	Waveform 1	2	10.223614390	10.223614390	0.0	48000.0	29-ZOOM0008	c	2023
40	Waveform 1	2	10.232993159	10.232993159	0.0	48000.0	29-ZOOM0008	c	2023
41	Waveform 1	2	10.241724495	10.241724495	0.0	48000.0	29-ZOOM0008	c	2023
42	Waveform 1	2	10.249250898	10.249250898	0.0	48000.0	29-ZOOM0008	c	2023
43	Waveform 1	2	10.258108123	10.258108123	0.0	48000.0	29-ZOOM0008	c	2023
44	Waveform 1	2	10.267567821	10.267567821	0.0	48000.0	29-ZOOM0008	c	2023
45	Waveform 1	2	10.274033118	10.274033118	0.0	48000.0	29-ZOOM0008	c	2023
46	Waveform 1	2	10.283609723	10.283609723	0.0	48000.0	29-ZOOM0008	c	2023
47	Waveform 1	2	10.293330150	10.293330150	0.0	48000.0	29-ZOOM0008	c	2023
48	Waveform 1	2	10.300109938	10.300109938	0.0	48000.0	29-ZOOM0008	c	2023
49	Waveform 1	2	10.308589495	10.308589495	0.0	48000.0	29-ZOOM0008	c	2023
50	Waveform 1	2	10.318291937	10.318291937	0.0	48000.0	29-ZOOM0008	c	2023
51	Waveform 1	2	10.326079111	10.326079111	0.0	48000.0	29-ZOOM0008	c	2023
52	Waveform 1	2	10.334576652	10.334576652	0.0	48000.0	29-ZOOM0008	c	2023
53	Waveform 1	2	10.344926570	10.344926570	0.0	48000.0	29-ZOOM0008	c	2023
54	Waveform 1	2	10.737530864	10.737530864	0.0	48000.0	29-ZOOM0008	d	2023
55	Waveform 1	2	10.743618518	10.743618518	0.0	48000.0	29-ZOOM0008	d	2023
56	Waveform 1	2	10.751387708	10.751387708	0.0	48000.0	29-ZOOM0008	d	2023
57	Waveform 1	2	10.760946319	10.760946319	0.0	48000.0	29-ZOOM0008	d	2023
58	Waveform 1	2	10.769461844	10.769461844	0.0	48000.0	29-ZOOM0008	d	2023
59	Waveform 1	2	10.776826378	10.776826378	0.0	48000.0	29-ZOOM0008	d	2023
60	Waveform 1	2	10.786133210	10.786133210	0.0	48000.0	29-ZOOM0008	d	2023
61	Waveform 1	2	10.795413076	10.795413076	0.0	48000.0	29-ZOOM0008	d	2023
62	Waveform 1	2	10.802543815	10.802543815	0.0	48000.0	29-ZOOM0008	d	2023
63	Waveform 1	2	10.811401040	10.811401040	0.0	48000.0	29-ZOOM0008	d	2023
64	Waveform 1	2	10.821094490	10.821094490	0.0	48000.0	29-ZOOM0008	d	2023
65	Waveform 1	2	10.828045397	10.828045397	0.0	48000.0	29-ZOOM0008	d	2023
66	Waveform 1	2	10.836911572	10.836911572	0.0	48000.0	29-ZOOM0008	d	2023
67	Waveform 1	2	10.846578089	10.846578089	0.0	48000.0	29-ZOOM0008	d	2023
68	Waveform 1	2	10.853502020	10.853502020	0.0	48000.0	29-ZOOM0008	d	2023
69	Waveform 1	2	10.862179403	10.862179403	0.0	48000.0	29-ZOOM0008	d	2023
70	Waveform 1	2	10.871854912	10.871854912	0.0	48000.0	29-ZOOM0008	d	2023
71	Waveform 1	2	10.880046721	10.880046721	0.0	48000.0	29-ZOOM0008	d	2023
72	Waveform 1	2	10.889083799	10.889083799	0.0	48000.0	29-ZOOM0008	d	2023
73	Waveform 1	2	10.899277685	10.899277685	0.0	48000.0	29-ZOOM0008	d	2023
74	Waveform 1	2	11.483335956	11.483335956	0.0	48000.0	29-ZOOM0008	e	2023
75	Waveform 1	2	11.489600530	11.489600530	0.0	48000.0	29-ZOOM0008	e	2023
76	Waveform 1	2	11.497546027	11.497546027	0.0	48000.0	29-ZOOM0008	e	2023
77	Waveform 1	2	11.507016695	11.507016695	0.0	48000.0	29-ZOOM0008	e	2023
78	Waveform 1	2	11.515683783	11.515683783	0.0	48000.0	29-ZOOM0008	e	2023
79	Waveform 1	2	11.522940531	11.522940531	0.0	48000.0	29-ZOOM0008	e	2023
80	Waveform 1	2	11.532370201	11.532370201	0.0	48000.0	29-ZOOM0008	e	2023
81	Waveform 1	2	11.541750630	11.541750630	0.0	48000.0	29-ZOOM0008	e	2023
82	Waveform 1	2	11.548974579	11.548974579	0.0	48000.0	29-ZOOM0008	e	2023
83	Waveform 1	2	11.558215612	11.558215612	0.0	48000.0	29-ZOOM0008	e	2023
84	Waveform 1	2	11.567883064	11.567883064	0.0	48000.0	29-ZOOM0008	e	2023
85	Waveform 1	2	11.574672429	11.574672429	0.0	48000.0	29-ZOOM0008	e	2023
86	Waveform 1	2	11.583323127	11.583323127	0.0	48000.0	29-ZOOM0008	e	2023
87	Waveform 1	2	11.593195581	11.593195581	0.0	48000.0	29-ZOOM0008	e	2023
88	Waveform 1	2	11.601879077	11.601879077	0.0	48000.0	29-ZOOM0008	e	2023
89	Waveform 1	2	11.611062756	11.611062756	0.0	48000.0	29-ZOOM0008	e	2023
90	Waveform 1	2	11.621451791	11.621451791	0.0	48000.0	29-ZOOM0008	e	2023
91	Waveform 1	2	11.996998604	11.996998604	0.0	48000.0	29-ZOOM0008	f	2023
92	Waveform 1	2	12.003090984	12.003090984	0.0	48000.0	29-ZOOM0008	f	2023
93	Waveform 1	2	12.010241136	12.010241136	0.0	48000.0	29-ZOOM0008	f	2023
94	Waveform 1	2	12.020195587	12.020195587	0.0	48000.0	29-ZOOM0008	f	2023
95	Waveform 1	2	12.028739689	12.028739689	0.0	48000.0	29-ZOOM0008	f	2023
96	Waveform 1	2	12.036308016	12.036308016	0.0	48000.0	29-ZOOM0008	f	2023
97	Waveform 1	2	12.045352300	12.045352300	0.0	48000.0	29-ZOOM0008	f	2023
98	Waveform 1	2	12.054601576	12.054601576	0.0	48000.0	29-ZOOM0008	f	2023
99	Waveform 1	2	12.061800926	12.061800926	0.0	48000.0	29-ZOOM0008	f	2023
100	Waveform 1	2	12.070746813	12.070746813	0.0	48000.0	29-ZOOM0008	f	2023
101	Waveform 1	2	12.080496272	12.080496272	0.0	48000.0	29-ZOOM0008	f	2023
102	Waveform 1	2	12.087597216	12.087597216	0.0	48000.0	29-ZOOM0008	f	2023
103	Waveform 1	2	12.096288912	12.096288912	0.0	48000.0	29-ZOOM0008	f	2023
104	Waveform 1	2	12.105661184	12.105661184	0.0	48000.0	29-ZOOM0008	f	2023
105	Waveform 1	2	12.112852335	12.112852335	0.0	48000.0	29-ZOOM0008	f	2023
106	Waveform 1	2	12.121478424	12.121478424	0.0	48000.0	29-ZOOM0008	f	2023
107	Waveform 1	2	12.131162284	12.131162284	0.0	48000.0	29-ZOOM0008	f	2023
108	Waveform 1	2	12.139870380	12.139870380	0.0	48000.0	29-ZOOM0008	f	2023
109	Waveform 1	2	12.149611639	12.149611639	0.0	48000.0	29-ZOOM0008	f	2023
110	Waveform 1	2	12.160968239	12.160968239	0.0	48000.0	29-ZOOM0008	f	2023
111	Waveform 1	2	12.770182252	12.770182252	0.0	48000.0	29-ZOOM0008	g	2023
112	Waveform 1	2	12.775585858	12.775585858	0.0	48000.0	29-ZOOM0008	g	2023
113	Waveform 1	2	12.784334952	12.784334952	0.0	48000.0	29-ZOOM0008	g	2023
114	Waveform 1	2	12.794035212	12.794035212	0.0	48000.0	29-ZOOM0008	g	2023
115	Waveform 1	2	12.802743308	12.802743308	0.0	48000.0	29-ZOOM0008	g	2023
116	Waveform 1	2	12.810237838	12.810237838	0.0	48000.0	29-ZOOM0008	g	2023
117	Waveform 1	2	12.819544512	12.819544512	0.0	48000.0	29-ZOOM0008	g	2023
118	Waveform 1	2	12.828867585	12.828867585	0.0	48000.0	29-ZOOM0008	g	2023
119	Waveform 1	2	12.836173532	12.836173532	0.0	48000.0	29-ZOOM0008	g	2023
120	Waveform 1	2	12.845447407	12.845447407	0.0	48000.0	29-ZOOM0008	g	2023
121	Waveform 1	2	12.855164067	12.855164067	0.0	48000.0	29-ZOOM0008	g	2023
122	Waveform 1	2	12.862396206	12.862396206	0.0	48000.0	29-ZOOM0008	g	2023
123	Waveform 1	2	12.871235497	12.871235497	0.0	48000.0	29-ZOOM0008	g	2023
124	Waveform 1	2	12.881230947	12.881230947	0.0	48000.0	29-ZOOM0008	g	2023
125	Waveform 1	2	12.888823883	12.888823883	0.0	48000.0	29-ZOOM0008	g	2023
126	Waveform 1	2	12.898261752	12.898261752	0.0	48000.0	29-ZOOM0008	g	2023
127	Waveform 1	2	12.908896778	12.908896778	0.0	48000.0	29-ZOOM0008	g	2023
128	Waveform 1	2	13.300818368	13.300818368	0.0	48000.0	29-ZOOM0008	h	2023
129	Waveform 1	2	13.306435175	13.306435175	0.0	48000.0	29-ZOOM0008	h	2023
130	Waveform 1	2	13.314536492	13.314536492	0.0	48000.0	29-ZOOM0008	h	2023
131	Waveform 1	2	13.323777569	13.323777569	0.0	48000.0	29-ZOOM0008	h	2023
132	Waveform 1	2	13.332608651	13.332608651	0.0	48000.0	29-ZOOM0008	h	2023
133	Waveform 1	2	13.339906397	13.339906397	0.0	48000.0	29-ZOOM0008	h	2023
134	Waveform 1	2	13.349081876	13.349081876	0.0	48000.0	29-ZOOM0008	h	2023
135	Waveform 1	2	13.358224556	13.358224556	0.0	48000.0	29-ZOOM0008	h	2023
136	Waveform 1	2	13.365423907	13.365423907	0.0	48000.0	29-ZOOM0008	h	2023
137	Waveform 1	2	13.374541978	13.374541978	0.0	48000.0	29-ZOOM0008	h	2023
138	Waveform 1	2	13.383676459	13.383676459	0.0	48000.0	29-ZOOM0008	h	2023
139	Waveform 1	2	13.390957806	13.390957806	0.0	48000.0	29-ZOOM0008	h	2023
140	Waveform 1	2	13.399651143	13.399651143	0.0	48000.0	29-ZOOM0008	h	2023
141	Waveform 1	2	13.409376002	13.409376002	0.0	48000.0	29-ZOOM0008	h	2023
142	Waveform 1	2	13.416288363	13.416288363	0.0	48000.0	29-ZOOM0008	h	2023
143	Waveform 1	2	13.424824255	13.424824255	0.0	48000.0	29-ZOOM0008	h	2023
144	Waveform 1	2	13.434360521	13.434360521	0.0	48000.0	29-ZOOM0008	h	2023
145	Waveform 1	2	13.443511401	13.443511401	0.0	48000.0	29-ZOOM0008	h	2023
146	Waveform 1	2	13.453129664	13.453129664	0.0	48000.0	29-ZOOM0008	h	2023
147	Waveform 1	2	14.013739849	14.013739849	0.0	48000.0	29-ZOOM0008	i	2023
148	Waveform 1	2	14.020080876	14.020080876	0.0	48000.0	29-ZOOM0008	i	2023
149	Waveform 1	2	14.028002022	14.028002022	0.0	48000.0	29-ZOOM0008	i	2023
150	Waveform 1	2	14.037667480	14.037667480	0.0	48000.0	29-ZOOM0008	i	2023
151	Waveform 1	2	14.046101671	14.046101671	0.0	48000.0	29-ZOOM0008	i	2023
152	Waveform 1	2	14.053393519	14.053393519	0.0	48000.0	29-ZOOM0008	i	2023
153	Waveform 1	2	14.062970053	14.062970053	0.0	48000.0	29-ZOOM0008	i	2023
154	Waveform 1	2	14.072143004	14.072143004	0.0	48000.0	29-ZOOM0008	i	2023
155	Waveform 1	2	14.079667425	14.079667425	0.0	48000.0	29-ZOOM0008	i	2023
156	Waveform 1	2	14.088997705	14.088997705	0.0	48000.0	29-ZOOM0008	i	2023
157	Waveform 1	2	14.098676844	14.098676844	0.0	48000.0	29-ZOOM0008	i	2023
158	Waveform 1	2	14.105626674	14.105626674	0.0	48000.0	29-ZOOM0008	i	2023
159	Waveform 1	2	14.114471287	14.114471287	0.0	48000.0	29-ZOOM0008	i	2023
160	Waveform 1	2	14.124485605	14.124485605	0.0	48000.0	29-ZOOM0008	i	2023
161	Waveform 1	2	14.131975824	14.131975824	0.0	48000.0	29-ZOOM0008	i	2023
162	Waveform 1	2	14.141121414	14.141121414	0.0	48000.0	29-ZOOM0008	i	2023
163	Waveform 1	2	14.151580356	14.151580356	0.0	48000.0	29-ZOOM0008	i	2023
164	Waveform 1	2	14.559602284	14.559602284	0.0	48000.0	29-ZOOM0008	j	2023
165	Waveform 1	2	14.565724428	14.565724428	0.0	48000.0	29-ZOOM0008	j	2023
166	Waveform 1	2	14.572845267	14.572845267	0.0	48000.0	29-ZOOM0008	j	2023
167	Waveform 1	2	14.582927989	14.582927989	0.0	48000.0	29-ZOOM0008	j	2023
168	Waveform 1	2	14.591437424	14.591437424	0.0	48000.0	29-ZOOM0008	j	2023
169	Waveform 1	2	14.599112333	14.599112333	0.0	48000.0	29-ZOOM0008	j	2023
170	Waveform 1	2	14.608401571	14.608401571	0.0	48000.0	29-ZOOM0008	j	2023
171	Waveform 1	2	14.617054654	14.617054654	0.0	48000.0	29-ZOOM0008	j	2023
172	Waveform 1	2	14.624503830	14.624503830	0.0	48000.0	29-ZOOM0008	j	2023
173	Waveform 1	2	14.633909355	14.633909355	0.0	48000.0	29-ZOOM0008	j	2023
174	Waveform 1	2	14.643178071	14.643178071	0.0	48000.0	29-ZOOM0008	j	2023
175	Waveform 1	2	14.650223673	14.650223673	0.0	48000.0	29-ZOOM0008	j	2023
176	Waveform 1	2	14.658924638	14.658924638	0.0	48000.0	29-ZOOM0008	j	2023
177	Waveform 1	2	14.668754266	14.668754266	0.0	48000.0	29-ZOOM0008	j	2023
178	Waveform 1	2	14.675505724	14.675505724	0.0	48000.0	29-ZOOM0008	j	2023
179	Waveform 1	2	14.684001479	14.684001479	0.0	48000.0	29-ZOOM0008	j	2023
180	Waveform 1	2	14.693612214	14.693612214	0.0	48000.0	29-ZOOM0008	j	2023
181	Waveform 1	2	14.702662039	14.702662039	0.0	48000.0	29-ZOOM0008	j	2023
182	Waveform 1	2	14.712190689	14.712190689	0.0	48000.0	29-ZOOM0008	j	2023
