Selection	View	Channel	Begin Time (s)	End Time (s)	Low Freq (Hz)	High Freq (Hz)	file	syllable	year
1	Waveform 1	1	20.17657307	20.17657307	0	48000	11-C13-19-01	a	2019
2	Waveform 1	1	20.18353726	20.18353726	0	48000	11-C13-19-01	a	2019
3	Waveform 1	1	20.19248328	20.19248328	0	48000	11-C13-19-01	a	2019
4	Waveform 1	1	20.20368892	20.20368892	0	48000	11-C13-19-01	a	2019
5	Waveform 1	1	20.211857	20.211857	0	48000	11-C13-19-01	a	2019
6	Waveform 1	1	20.22013623	20.22013623	0	48000	11-C13-19-01	a	2019
7	Waveform 1	1	20.23197162	20.23197162	0	48000	11-C13-19-01	a	2019
8	Waveform 1	1	20.23915807	20.23915807	0	48000	11-C13-19-01	a	2019
9	Waveform 1	1	20.24793736	20.24793736	0	48000	11-C13-19-01	a	2019
10	Waveform 1	1	20.25960605	20.25960605	0	48000	11-C13-19-01	a	2019
11	Waveform 1	1	20.26671841	20.26671841	0	48000	11-C13-19-01	a	2019
12	Waveform 1	1	20.27640527	20.27640527	0	48000	11-C13-19-01	a	2019
13	Waveform 1	1	20.28681451	20.28681451	0	48000	11-C13-19-01	a	2019
14	Waveform 1	1	20.29481588	20.29481588	0	48000	11-C13-19-01	a	2019
15	Waveform 1	1	20.30498431	20.30498431	0	48000	11-C13-19-01	a	2019
16	Waveform 1	1	20.31578251	20.31578251	0	48000	11-C13-19-01	a	2019
17	Waveform 1	1	20.32504336	20.32504336	0	48000	11-C13-19-01	a	2019
18	Waveform 1	1	20.64645101	20.64645101	0	48000	11-C13-19-01	b	2019
19	Waveform 1	1	20.65287803	20.65287803	0	48000	11-C13-19-01	b	2019
20	Waveform 1	1	20.66141657	20.66141657	0	48000	11-C13-19-01	b	2019
21	Waveform 1	1	20.67293709	20.67293709	0	48000	11-C13-19-01	b	2019
22	Waveform 1	1	20.68099403	20.68099403	0	48000	11-C13-19-01	b	2019
23	Waveform 1	1	20.68943996	20.68943996	0	48000	11-C13-19-01	b	2019
24	Waveform 1	1	20.70186804	20.70186804	0	48000	11-C13-19-01	b	2019
25	Waveform 1	1	20.70901745	20.70901745	0	48000	11-C13-19-01	b	2019
26	Waveform 1	1	20.7181857	20.7181857	0	48000	11-C13-19-01	b	2019
27	Waveform 1	1	20.7297803	20.7297803	0	48000	11-C13-19-01	b	2019
28	Waveform 1	1	20.73715197	20.73715197	0	48000	11-C13-19-01	b	2019
29	Waveform 1	1	20.74665361	20.74665361	0	48000	11-C13-19-01	b	2019
30	Waveform 1	1	20.75709989	20.75709989	0	48000	11-C13-19-01	b	2019
31	Waveform 1	1	20.76543466	20.76543466	0	48000	11-C13-19-01	b	2019
32	Waveform 1	1	20.77589943	20.77589943	0	48000	11-C13-19-01	b	2019
33	Waveform 1	1	20.78449354	20.78449354	0	48000	11-C13-19-01	b	2019
34	Waveform 1	1	20.79355066	20.79355066	0	48000	11-C13-19-01	b	2019
35	Waveform 1	1	20.80394137	20.80394137	0	48000	11-C13-19-01	b	2019
36	Waveform 1	1	20.8135171	20.8135171	0	48000	11-C13-19-01	b	2019
37	Waveform 1	1	20.82301874	20.82301874	0	48000	11-C13-19-01	b	2019
38	Waveform 1	1	21.36135316	21.36135316	0	48000	11-C13-19-01	c	2019
39	Waveform 1	1	21.36828027	21.36828027	0	48000	11-C13-19-01	c	2019
40	Waveform 1	1	21.37680029	21.37680029	0	48000	11-C13-19-01	c	2019
41	Waveform 1	1	21.38800593	21.38800593	0	48000	11-C13-19-01	c	2019
42	Waveform 1	1	21.3966556	21.3966556	0	48000	11-C13-19-01	c	2019
43	Waveform 1	1	21.40499037	21.40499037	0	48000	11-C13-19-01	c	2019
44	Waveform 1	1	21.41695541	21.41695541	0	48000	11-C13-19-01	c	2019
45	Waveform 1	1	21.42416038	21.42416038	0	48000	11-C13-19-01	c	2019
46	Waveform 1	1	21.43327306	21.43327306	0	48000	11-C13-19-01	c	2019
47	Waveform 1	1	21.44481213	21.44481213	0	48000	11-C13-19-01	c	2019
48	Waveform 1	1	21.45203559	21.45203559	0	48000	11-C13-19-01	c	2019
49	Waveform 1	1	21.4615928	21.4615928	0	48000	11-C13-19-01	c	2019
50	Waveform 1	1	21.47211317	21.47211317	0	48000	11-C13-19-01	c	2019
51	Waveform 1	1	21.4804109	21.4804109	0	48000	11-C13-19-01	c	2019
52	Waveform 1	1	21.49069048	21.49069048	0	48000	11-C13-19-01	c	2019
53	Waveform 1	1	21.50097004	21.50097004	0	48000	11-C13-19-01	c	2019
54	Waveform 1	1	21.51004568	21.51004568	0	48000	11-C13-19-01	c	2019
55	Waveform 1	1	21.84541886	21.84541886	0	48000	11-C13-19-01	d	2019
56	Waveform 1	1	21.85180887	21.85180887	0	48000	11-C13-19-01	d	2019
57	Waveform 1	1	21.86014364	21.86014364	0	48000	11-C13-19-01	d	2019
58	Waveform 1	1	21.87125667	21.87125667	0	48000	11-C13-19-01	d	2019
59	Waveform 1	1	21.87964704	21.87964704	0	48000	11-C13-19-01	d	2019
60	Waveform 1	1	21.88844485	21.88844485	0	48000	11-C13-19-01	d	2019
61	Waveform 1	1	21.90037285	21.90037285	0	48000	11-C13-19-01	d	2019
62	Waveform 1	1	21.90744817	21.90744817	0	48000	11-C13-19-01	d	2019
63	Waveform 1	1	21.91674607	21.91674607	0	48000	11-C13-19-01	d	2019
64	Waveform 1	1	21.92839626	21.92839626	0	48000	11-C13-19-01	d	2019
65	Waveform 1	1	21.9355086	21.9355086	0	48000	11-C13-19-01	d	2019
66	Waveform 1	1	21.94567705	21.94567705	0	48000	11-C13-19-01	d	2019
67	Waveform 1	1	21.95582696	21.95582696	0	48000	11-C13-19-01	d	2019
68	Waveform 1	1	21.96403207	21.96403207	0	48000	11-C13-19-01	d	2019
69	Waveform 1	1	21.97355227	21.97355227	0	48000	11-C13-19-01	d	2019
70	Waveform 1	1	21.98372117	21.98372117	0	48000	11-C13-19-01	d	2019
71	Waveform 1	1	21.99181516	21.99181516	0	48000	11-C13-19-01	d	2019
72	Waveform 1	1	22.0032431	22.0032431	0	48000	11-C13-19-01	d	2019
73	Waveform 1	1	22.01270769	22.01270769	0	48000	11-C13-19-01	d	2019
74	Waveform 1	1	22.02270942	22.02270942	0	48000	11-C13-19-01	d	2019
75	Waveform 1	1	22.47593642	22.47593642	0	48000	11-C13-19-01	d	2019
76	Waveform 1	1	22.48284505	22.48284505	0	48000	11-C13-19-01	d	2019
77	Waveform 1	1	22.49145764	22.49145764	0	48000	11-C13-19-01	d	2019
78	Waveform 1	1	22.50266332	22.50266332	0	48000	11-C13-19-01	d	2019
79	Waveform 1	1	22.51131296	22.51131296	0	48000	11-C13-19-01	d	2019
80	Waveform 1	1	22.51994411	22.51994411	0	48000	11-C13-19-01	d	2019
81	Waveform 1	1	22.53196471	22.53196471	0	48000	11-C13-19-01	e	2019
82	Waveform 1	1	22.53892887	22.53892887	0	48000	11-C13-19-01	e	2019
83	Waveform 1	1	22.54826384	22.54826384	0	48000	11-C13-19-01	e	2019
84	Waveform 1	1	22.55983988	22.55983988	0	48000	11-C13-19-01	e	2019
85	Waveform 1	1	22.56684111	22.56684111	0	48000	11-C13-19-01	e	2019
86	Waveform 1	1	22.57643536	22.57643536	0	48000	11-C13-19-01	e	2019
87	Waveform 1	1	22.58730764	22.58730764	0	48000	11-C13-19-01	e	2019
88	Waveform 1	1	22.59510528	22.59510528	0	48000	11-C13-19-01	e	2019
89	Waveform 1	1	22.60525518	22.60525518	0	48000	11-C13-19-01	e	2019
90	Waveform 1	1	22.61514581	22.61514581	0	48000	11-C13-19-01	e	2019
91	Waveform 1	1	22.6243511	22.62436962	0	48000	11-C13-19-01	e	2019
92	Waveform 1	1	22.63537156	22.63537156	0	48000	11-C13-19-01	e	2019
93	Waveform 1	1	22.94979661	22.94979661	0	48000	11-C13-19-01	f	2019
94	Waveform 1	1	22.9564274	22.9564274	0	48000	11-C13-19-01	f	2019
95	Waveform 1	1	22.96496591	22.96496591	0	48000	11-C13-19-01	f	2019
96	Waveform 1	1	22.97624568	22.97624568	0	48000	11-C13-19-01	f	2019
97	Waveform 1	1	22.9843767	22.9843767	0	48000	11-C13-19-01	f	2019
98	Waveform 1	1	22.99323011	22.99323011	0	48000	11-C13-19-01	f	2019
99	Waveform 1	1	23.00556559	23.00556559	0	48000	11-C13-19-01	f	2019
100	Waveform 1	1	23.01275201	23.01275201	0	48000	11-C13-19-01	f	2019
101	Waveform 1	1	23.02232777	23.02232777	0	48000	11-C13-19-01	f	2019
102	Waveform 1	1	23.03342228	23.03342228	0	48000	11-C13-19-01	f	2019
103	Waveform 1	1	23.04099769	23.04099769	0	48000	11-C13-19-01	f	2019
104	Waveform 1	1	23.05138837	23.05138837	0	48000	11-C13-19-01	f	2019
105	Waveform 1	1	23.06040845	23.06040845	0	48000	11-C13-19-01	f	2019
106	Waveform 1	1	23.06889142	23.06889142	0	48000	11-C13-19-01	f	2019
107	Waveform 1	1	23.07974515	23.07976367	0	48000	11-C13-19-01	f	2019
108	Waveform 1	1	23.08772804	23.08772804	0	48000	11-C13-19-01	f	2019
109	Waveform 1	1	23.09722968	23.09722968	0	48000	11-C13-19-01	f	2019
110	Waveform 1	1	23.10856498	23.10856498	0	48000	11-C13-19-01	f	2019
111	Waveform 1	1	23.11797404	23.11797404	0	48000	11-C13-19-01	f	2019
112	Waveform 1	1	23.66304177	23.66304177	0	48000	11-C13-19-01	g	2019
113	Waveform 1	1	23.67008105	23.67008105	0	48000	11-C13-19-01	g	2019
114	Waveform 1	1	23.67858592	23.67858592	0	48000	11-C13-19-01	g	2019
115	Waveform 1	1	23.68975549	23.68975549	0	48000	11-C13-19-01	g	2019
116	Waveform 1	1	23.69821595	23.69821595	0	48000	11-C13-19-01	g	2019
117	Waveform 1	1	23.70645441	23.70645441	0	48000	11-C13-19-01	g	2019
118	Waveform 1	1	23.7180237	23.7180237	0	48000	11-C13-19-01	g	2019
119	Waveform 1	1	23.72590688	23.72590688	0	48000	11-C13-19-01	g	2019
120	Waveform 1	1	23.73514454	23.73514454	0	48000	11-C13-19-01	g	2019
121	Waveform 1	1	23.74680272	23.74680272	0	48000	11-C13-19-01	g	2019
122	Waveform 1	1	23.75435274	23.75435274	0	48000	11-C13-19-01	g	2019
123	Waveform 1	1	23.76367929	23.76367929	0	48000	11-C13-19-01	g	2019
124	Waveform 1	1	23.77500432	23.77500432	0	48000	11-C13-19-01	g	2019
125	Waveform 1	1	23.7833094	23.7833094	0	48000	11-C13-19-01	g	2019
126	Waveform 1	1	23.79494531	23.79494531	0	48000	11-C13-19-01	g	2019
127	Waveform 1	1	23.80609275	23.80609275	0	48000	11-C13-19-01	g	2019
128	Waveform 1	1	24.15372784	24.15372784	0	48000	11-C13-19-01	h	2019
129	Waveform 1	1	24.160323	24.160323	0	48000	11-C13-19-01	h	2019
130	Waveform 1	1	24.16878346	24.16878346	0	48000	11-C13-19-01	h	2019
131	Waveform 1	1	24.18013076	24.18013076	0	48000	11-C13-19-01	h	2019
132	Waveform 1	1	24.18859122	24.18859122	0	48000	11-C13-19-01	h	2019
133	Waveform 1	1	24.19716277	24.19716277	0	48000	11-C13-19-01	h	2019
134	Waveform 1	1	24.20959816	24.20959816	0	48000	11-C13-19-01	h	2019
135	Waveform 1	1	24.21665965	24.21665965	0	48000	11-C13-19-01	h	2019
136	Waveform 1	1	24.22583069	24.22583069	0	48000	11-C13-19-01	h	2019
137	Waveform 1	1	24.23733343	24.23733343	0	48000	11-C13-19-01	h	2019
138	Waveform 1	1	24.2446836	24.2446836	0	48000	11-C13-19-01	h	2019
139	Waveform 1	1	24.25438765	24.25438765	0	48000	11-C13-19-01	h	2019
140	Waveform 1	1	24.26460238	24.26460238	0	48000	11-C13-19-01	h	2019
141	Waveform 1	1	24.27255217	24.27255217	0	48000	11-C13-19-01	h	2019
142	Waveform 1	1	24.28303337	24.28303337	0	48000	11-C13-19-01	h	2019
143	Waveform 1	1	24.29162713	24.29162713	0	48000	11-C13-19-01	h	2019
144	Waveform 1	1	24.30068715	24.30068715	0	48000	11-C13-19-01	h	2019
145	Waveform 1	1	24.3107243	24.3107243	0	48000	11-C13-19-01	h	2019
146	Waveform 1	1	24.32045049	24.32045049	0	48000	11-C13-19-01	h	2019
147	Waveform 1	1	24.32942176	24.32942176	0	48000	11-C13-19-01	h	2019
148	Waveform 1	1	24.341302	24.341302	0	48000	11-C13-19-01	h	2019
149	Waveform 1	1	24.7782496	24.7782496	0	48000	11-C13-19-01	i	2019
150	Waveform 1	1	24.78495579	24.784978	0	48000	11-C13-19-01	i	2019
151	Waveform 1	1	24.79332749	24.79332749	0	48000	11-C13-19-01	i	2019
152	Waveform 1	1	24.80451928	24.80451928	0	48000	11-C13-19-01	i	2019
153	Waveform 1	1	24.81306863	24.81306863	0	48000	11-C13-19-01	i	2019
154	Waveform 1	1	24.8215735	24.8215735	0	48000	11-C13-19-01	i	2019
155	Waveform 1	1	24.83332051	24.83332051	0	48000	11-C13-19-01	i	2019
156	Waveform 1	1	24.84047081	24.84047081	0	48000	11-C13-19-01	i	2019
157	Waveform 1	1	24.84961973	24.84961973	0	48000	11-C13-19-01	i	2019
158	Waveform 1	1	24.86123343	24.86125563	0	48000	11-C13-19-01	i	2019
159	Waveform 1	1	24.86862807	24.86862807	0	48000	11-C13-19-01	i	2019
160	Waveform 1	1	24.87833206	24.87833206	0	48000	11-C13-19-01	i	2019
161	Waveform 1	1	24.88896877	24.88896877	0	48000	11-C13-19-01	i	2019
162	Waveform 1	1	24.89694069	24.89694069	0	48000	11-C13-19-01	i	2019
163	Waveform 1	1	24.90728872	24.90728872	0	48000	11-C13-19-01	i	2019
164	Waveform 1	1	24.91685948	24.91685948	0	48000	11-C13-19-01	i	2019
165	Waveform 1	1	24.92669677	24.92669677	0	48000	11-C13-19-01	i	2019
166	Waveform 1	1	24.937289	24.937289	0	48000	11-C13-19-01	i	2019
167	Waveform 1	1	25.26476104	25.26476104	0	48000	11-C13-19-01	j	2019
168	Waveform 1	1	25.27148944	25.27148944	0	48000	11-C13-19-01	j	2019
169	Waveform 1	1	25.28010541	25.28010541	0	48000	11-C13-19-01	j	2019
170	Waveform 1	1	25.29178572	25.29178572	0	48000	11-C13-19-01	j	2019
171	Waveform 1	1	25.29973551	25.29973551	0	48000	11-C13-19-01	j	2019
172	Waveform 1	1	25.30870671	25.30870671	0	48000	11-C13-19-01	j	2019
173	Waveform 1	1	25.3211421	25.3211421	0	48000	11-C13-19-01	j	2019
174	Waveform 1	1	25.32822579	25.32822579	0	48000	11-C13-19-01	j	2019
175	Waveform 1	1	25.33759676	25.33759676	0	48000	11-C13-19-01	j	2019
176	Waveform 1	1	25.34867751	25.34867751	0	48000	11-C13-19-01	j	2019
177	Waveform 1	1	25.35649407	25.35649407	0	48000	11-C13-19-01	j	2019
178	Waveform 1	1	25.36721953	25.36721953	0	48000	11-C13-19-01	j	2019
179	Waveform 1	1	25.37601315	25.37601315	0	48000	11-C13-19-01	j	2019
180	Waveform 1	1	25.3844514	25.3844514	0	48000	11-C13-19-01	j	2019
181	Waveform 1	1	25.39548782	25.39548782	0	48000	11-C13-19-01	j	2019
182	Waveform 1	1	25.40363739	25.40363739	0	48000	11-C13-19-01	j	2019
183	Waveform 1	1	25.41294174	25.41294174	0	48000	11-C13-19-01	j	2019
184	Waveform 1	1	25.42455544	25.42455544	0	48000	11-C13-19-01	j	2019
185	Waveform 1	1	25.43468141	25.43468141	0	48000	11-C13-19-01	j	2019
