Selection	View	Channel	Begin Time (s)	End Time (s)	Low Freq (Hz)	High Freq (Hz)	file	syllable	year
1	Waveform 1	1	20.09325243	20.09325243	0	48000	2-C45-19-02	a	2019
2	Waveform 1	1	20.09950375	20.09950375	0	48000	2-C45-19-02	a	2019
3	Waveform 1	1	20.10755595	20.10755595	0	48000	2-C45-19-02	a	2019
4	Waveform 1	1	20.11821625	20.11821625	0	48000	2-C45-19-02	a	2019
5	Waveform 1	1	20.12502646	20.12502646	0	48000	2-C45-19-02	a	2019
6	Waveform 1	1	20.13419649	20.13419649	0	48000	2-C45-19-02	a	2019
7	Waveform 1	1	20.14462916	20.14462916	0	48000	2-C45-19-02	a	2019
8	Waveform 1	1	20.15185594	20.15185594	0	48000	2-C45-19-02	a	2019
9	Waveform 1	1	20.16272847	20.16272847	0	48000	2-C45-19-02	a	2019
10	Waveform 1	1	20.16930334	20.16930334	0	48000	2-C45-19-02	a	2019
11	Waveform 1	1	20.17892872	20.17892872	0	48000	2-C45-19-02	a	2019
12	Waveform 1	1	20.18929933	20.18929933	0	48000	2-C45-19-02	a	2019
13	Waveform 1	1	20.19830372	20.19830372	0	48000	2-C45-19-02	a	2019
14	Waveform 1	1	20.21062011	20.21062011	0	48000	2-C45-19-02	a	2019
15	Waveform 1	1	20.5743358	20.5743358	0	48000	2-C45-19-02	b	2019
16	Waveform 1	1	20.58019388	20.58019388	0	48000	2-C45-19-02	b	2019
17	Waveform 1	1	20.58824608	20.58824608	0	48000	2-C45-19-02	b	2019
18	Waveform 1	1	20.59888579	20.59888579	0	48000	2-C45-19-02	b	2019
19	Waveform 1	1	20.6055563	20.6055563	0	48000	2-C45-19-02	b	2019
20	Waveform 1	1	20.6148247	20.6148247	0	48000	2-C45-19-02	b	2019
21	Waveform 1	1	20.62469853	20.62469853	0	48000	2-C45-19-02	b	2019
22	Waveform 1	1	20.63204693	20.63204693	0	48000	2-C45-19-02	b	2019
23	Waveform 1	1	20.64299714	20.64299714	0	48000	2-C45-19-02	b	2019
24	Waveform 1	1	20.64957966	20.64957966	0	48000	2-C45-19-02	b	2019
25	Waveform 1	1	20.65930858	20.65930858	0	48000	2-C45-19-02	b	2019
26	Waveform 1	1	20.66688363	20.66688363	0	48000	2-C45-19-02	b	2019
27	Waveform 1	1	20.6761545	20.6761545	0	48000	2-C45-19-02	b	2019
28	Waveform 1	1	20.68623904	20.68623904	0	48000	2-C45-19-02	b	2019
29	Waveform 1	1	20.69356674	20.69356674	0	48000	2-C45-19-02	b	2019
30	Waveform 1	1	20.70459975	20.70459975	0	48000	2-C45-19-02	b	2019
31	Waveform 1	1	20.71643628	20.71643628	0	48000	2-C45-19-02	b	2019
32	Waveform 1	1	21.35475956	21.35475956	0	48000	2-C45-19-02	c	2019
33	Waveform 1	1	21.36084592	21.36084592	0	48000	2-C45-19-02	c	2019
34	Waveform 1	1	21.36893521	21.36893521	0	48000	2-C45-19-02	c	2019
35	Waveform 1	1	21.37962185	21.37962185	0	48000	2-C45-19-02	c	2019
36	Waveform 1	1	21.38651305	21.38651305	0	48000	2-C45-19-02	c	2019
37	Waveform 1	1	21.39580723	21.39580723	0	48000	2-C45-19-02	c	2019
38	Waveform 1	1	21.40609505	21.40609505	0	48000	2-C45-19-02	c	2019
39	Waveform 1	1	21.41356765	21.41356765	0	48000	2-C45-19-02	c	2019
40	Waveform 1	1	21.42449716	21.42449716	0	48000	2-C45-19-02	c	2019
41	Waveform 1	1	21.43141087	21.43141087	0	48000	2-C45-19-02	c	2019
42	Waveform 1	1	21.4411812	21.4411812	0	48000	2-C45-19-02	c	2019
43	Waveform 1	1	21.44977159	21.44977159	0	48000	2-C45-19-02	c	2019
44	Waveform 1	1	21.45900372	21.45900372	0	48000	2-C45-19-02	c	2019
45	Waveform 1	1	21.47080071	21.47080071	0	48000	2-C45-19-02	c	2019
46	Waveform 1	1	21.84298118	21.84298118	0	48000	2-C45-19-02	d	2019
47	Waveform 1	1	21.84896712	21.84896712	0	48000	2-C45-19-02	d	2019
48	Waveform 1	1	21.85712281	21.85712281	0	48000	2-C45-19-02	d	2019
49	Waveform 1	1	21.86788672	21.86788672	0	48000	2-C45-19-02	d	2019
50	Waveform 1	1	21.87463484	21.87463484	0	48000	2-C45-19-02	d	2019
51	Waveform 1	1	21.88428096	21.88428096	0	48000	2-C45-19-02	d	2019
52	Waveform 1	1	21.8932233	21.8932233	0	48000	2-C45-19-02	d	2019
53	Waveform 1	1	21.90100454	21.90100454	0	48000	2-C45-19-02	d	2019
54	Waveform 1	1	21.91203941	21.91203941	0	48000	2-C45-19-02	d	2019
55	Waveform 1	1	21.91876682	21.91876682	0	48000	2-C45-19-02	d	2019
56	Waveform 1	1	21.92913744	21.92913744	0	48000	2-C45-19-02	d	2019
57	Waveform 1	1	21.93610208	21.93610208	0	48000	2-C45-19-02	d	2019
58	Waveform 1	1	21.94586287	21.94586287	0	48000	2-C45-19-02	d	2019
59	Waveform 1	1	21.95488796	21.95488796	0	48000	2-C45-19-02	d	2019
60	Waveform 1	1	21.9636026	21.9636026	0	48000	2-C45-19-02	d	2019
61	Waveform 1	1	21.97459044	21.97459044	0	48000	2-C45-19-02	d	2019
62	Waveform 1	1	21.98707615	21.98707615	0	48000	2-C45-19-02	d	2019
63	Waveform 1	1	22.54926183	22.54926183	0	48000	2-C45-19-02	e	2019
64	Waveform 1	1	22.55543035	22.55543035	0	48000	2-C45-19-02	e	2019
65	Waveform 1	1	22.5634826	22.5634826	0	48000	2-C45-19-02	e	2019
66	Waveform 1	1	22.57428786	22.57428786	0	48000	2-C45-19-02	e	2019
67	Waveform 1	1	22.58101533	22.58101533	0	48000	2-C45-19-02	e	2019
68	Waveform 1	1	22.59010251	22.59010251	0	48000	2-C45-19-02	e	2019
69	Waveform 1	1	22.60063872	22.60063872	0	48000	2-C45-19-02	e	2019
70	Waveform 1	1	22.60788363	22.60788363	0	48000	2-C45-19-02	e	2019
71	Waveform 1	1	22.61889594	22.61889594	0	48000	2-C45-19-02	e	2019
72	Waveform 1	1	22.62564405	22.62564405	0	48000	2-C45-19-02	e	2019
73	Waveform 1	1	22.63524507	22.63524507	0	48000	2-C45-19-02	e	2019
74	Waveform 1	1	22.64437736	22.64437736	0	48000	2-C45-19-02	e	2019
75	Waveform 1	1	22.65271569	22.65271569	0	48000	2-C45-19-02	e	2019
76	Waveform 1	1	22.66426805	22.66426805	0	48000	2-C45-19-02	e	2019
77	Waveform 1	1	22.67395738	22.67395738	0	48000	2-C45-19-02	e	2019
78	Waveform 1	1	23.04077471	23.04077471	0	48000	2-C45-19-02	f	2019
79	Waveform 1	1	23.04673995	23.04673995	0	48000	2-C45-19-02	f	2019
80	Waveform 1	1	23.05495779	23.05495779	0	48000	2-C45-19-02	f	2019
81	Waveform 1	1	23.06561821	23.06561821	0	48000	2-C45-19-02	f	2019
82	Waveform 1	1	23.07226282	23.07226282	0	48000	2-C45-19-02	f	2019
83	Waveform 1	1	23.08174335	23.08174335	0	48000	2-C45-19-02	f	2019
84	Waveform 1	1	23.09099613	23.09099613	0	48000	2-C45-19-02	f	2019
85	Waveform 1	1	23.09886203	23.09886203	0	48000	2-C45-19-02	f	2019
86	Waveform 1	1	23.11010018	23.11010018	0	48000	2-C45-19-02	f	2019
87	Waveform 1	1	23.11671416	23.11671416	0	48000	2-C45-19-02	f	2019
88	Waveform 1	1	23.12678607	23.12678607	0	48000	2-C45-19-02	f	2019
89	Waveform 1	1	23.13386538	23.13386538	0	48000	2-C45-19-02	f	2019
90	Waveform 1	1	23.14348709	23.14348709	0	48000	2-C45-19-02	f	2019
91	Waveform 1	1	23.15272028	23.15272028	0	48000	2-C45-19-02	f	2019
92	Waveform 1	1	23.16013344	23.16013344	0	48000	2-C45-19-02	f	2019
93	Waveform 1	1	23.17104225	23.17104225	0	48000	2-C45-19-02	f	2019
94	Waveform 1	1	23.18118698	23.18118698	0	48000	2-C45-19-02	f	2019
96	Waveform 1	1	23.77355989	23.77355989	0	48000	2-C45-19-02	g	2019
97	Waveform 1	1	23.77981584	23.77981584	0	48000	2-C45-19-02	g	2019
98	Waveform 1	1	23.78805029	23.78805029	0	48000	2-C45-19-02	g	2019
99	Waveform 1	1	23.79882857	23.79882857	0	48000	2-C45-19-02	g	2019
100	Waveform 1	1	23.80572519	23.80572519	0	48000	2-C45-19-02	g	2019
101	Waveform 1	1	23.81501486	23.81501486	0	48000	2-C45-19-02	g	2019
102	Waveform 1	1	23.82539748	23.82539748	0	48000	2-C45-19-02	g	2019
103	Waveform 1	1	23.83308547	23.83308547	0	48000	2-C45-19-02	g	2019
104	Waveform 1	1	23.84429715	23.84429715	0	48000	2-C45-19-02	g	2019
105	Waveform 1	1	23.85104303	23.85104303	0	48000	2-C45-19-02	g	2019
106	Waveform 1	1	23.86119948	23.86119948	0	48000	2-C45-19-02	g	2019
107	Waveform 1	1	23.86952819	23.86952819	0	48000	2-C45-19-02	g	2019
108	Waveform 1	1	23.87968465	23.87968465	0	48000	2-C45-19-02	g	2019
109	Waveform 1	1	23.89117902	23.89117902	0	48000	2-C45-19-02	g	2019
110	Waveform 1	1	24.25513499	24.25513499	0	48000	2-C45-19-02	h	2019
111	Waveform 1	1	24.2610894	24.2610894	0	48000	2-C45-19-02	h	2019
112	Waveform 1	1	24.26917315	24.26917315	0	48000	2-C45-19-02	h	2019
113	Waveform 1	1	24.27998912	24.27998912	0	48000	2-C45-19-02	h	2019
114	Waveform 1	1	24.28664078	24.28664078	0	48000	2-C45-19-02	h	2019
115	Waveform 1	1	24.29613772	24.29613772	0	48000	2-C45-19-02	h	2019
116	Waveform 1	1	24.30612458	24.30612458	0	48000	2-C45-19-02	h	2019
117	Waveform 1	1	24.31369957	24.31369957	0	48000	2-C45-19-02	h	2019
118	Waveform 1	1	24.3247605	24.3247605	0	48000	2-C45-19-02	h	2019
119	Waveform 1	1	24.33141216	24.33141216	0	48000	2-C45-19-02	h	2019
120	Waveform 1	1	24.34149324	24.34149324	0	48000	2-C45-19-02	h	2019
121	Waveform 1	1	24.3485783	24.3485783	0	48000	2-C45-19-02	h	2019
122	Waveform 1	1	24.35811292	24.35811292	0	48000	2-C45-19-02	h	2019
123	Waveform 1	1	24.36730843	24.36730843	0	48000	2-C45-19-02	h	2019
124	Waveform 1	1	24.37497757	24.37497757	0	48000	2-C45-19-02	h	2019
125	Waveform 1	1	24.38620809	24.38620809	0	48000	2-C45-19-02	h	2019
126	Waveform 1	1	24.39574277	24.39574277	0	48000	2-C45-19-02	h	2019
127	Waveform 1	1	24.95149099	24.95149099	0	48000	2-C45-19-02	i	2019
128	Waveform 1	1	24.95778509	24.95778509	0	48000	2-C45-19-02	i	2019
129	Waveform 1	1	24.96588581	24.96588581	0	48000	2-C45-19-02	i	2019
130	Waveform 1	1	24.97675608	24.97675608	0	48000	2-C45-19-02	i	2019
131	Waveform 1	1	24.98365737	24.98365737	0	48000	2-C45-19-02	i	2019
132	Waveform 1	1	24.99286896	24.99286896	0	48000	2-C45-19-02	i	2019
133	Waveform 1	1	25.00357631	25.00357631	0	48000	2-C45-19-02	i	2019
134	Waveform 1	1	25.01106999	25.01106999	0	48000	2-C45-19-02	i	2019
135	Waveform 1	1	25.02205874	25.02205874	0	48000	2-C45-19-02	i	2019
136	Waveform 1	1	25.02861939	25.02861939	0	48000	2-C45-19-02	i	2019
137	Waveform 1	1	25.03823084	25.03823084	0	48000	2-C45-19-02	i	2019
138	Waveform 1	1	25.04735358	25.04735358	0	48000	2-C45-19-02	i	2019
139	Waveform 1	1	25.05582468	25.05582468	0	48000	2-C45-19-02	i	2019
140	Waveform 1	1	25.067702	25.067702	0	48000	2-C45-19-02	i	2019
141	Waveform 1	1	25.4134326	25.4134326	0	48000	2-C45-19-02	j	2019
142	Waveform 1	1	25.41937125	25.41937125	0	48000	2-C45-19-02	j	2019
143	Waveform 1	1	25.42762022	25.42762022	0	48000	2-C45-19-02	j	2019
144	Waveform 1	1	25.43837201	25.43837201	0	48000	2-C45-19-02	j	2019
145	Waveform 1	1	25.44506596	25.44506596	0	48000	2-C45-19-02	j	2019
146	Waveform 1	1	25.45463297	25.45463297	0	48000	2-C45-19-02	j	2019
147	Waveform 1	1	25.46400748	25.46400748	0	48000	2-C45-19-02	j	2019
148	Waveform 1	1	25.47166405	25.47166405	0	48000	2-C45-19-02	j	2019
149	Waveform 1	1	25.48277127	25.48277127	0	48000	2-C45-19-02	j	2019
150	Waveform 1	1	25.4895837	25.4895837	0	48000	2-C45-19-02	j	2019
151	Waveform 1	1	25.49999487	25.49999487	0	48000	2-C45-19-02	j	2019
152	Waveform 1	1	25.50664438	25.50664438	0	48000	2-C45-19-02	j	2019
153	Waveform 1	1	25.51638912	25.51638912	0	48000	2-C45-19-02	j	2019
154	Waveform 1	1	25.52486023	25.52486023	0	48000	2-C45-19-02	j	2019
155	Waveform 1	1	25.53245757	25.53245757	0	48000	2-C45-19-02	j	2019
156	Waveform 1	1	25.54354997	25.54354997	0	48000	2-C45-19-02	j	2019
157	Waveform 1	1	25.55234689	25.55234689	0	48000	2-C45-19-02	j	2019
158	Waveform 1	1	25.56336526	25.56336526	0	48000	2-C45-19-02	j	2019
