Selection	View	Channel	Begin Time (s)	End Time (s)	Low Freq (Hz)	High Freq (Hz)	file	syllable	year
1	Waveform 1	1	19.65205178	19.65205178	0	22050	25-C13-19-03	a	2019
2	Waveform 1	1	19.65796887	19.65796887	0	22050	25-C13-19-03	a	2019
3	Waveform 1	1	19.66580039	19.66580039	0	22050	25-C13-19-03	a	2019
4	Waveform 1	1	19.67555022	19.67555022	0	22050	25-C13-19-03	a	2019
5	Waveform 1	1	19.68291406	19.68291406	0	22050	25-C13-19-03	a	2019
6	Waveform 1	1	19.69105193	19.69105193	0	22050	25-C13-19-03	a	2019
7	Waveform 1	1	19.70151172	19.70151172	0	22050	25-C13-19-03	a	2019
8	Waveform 1	1	19.70852179	19.70852179	0	22050	25-C13-19-03	a	2019
9	Waveform 1	1	19.71659328	19.71659328	0	22050	25-C13-19-03	a	2019
10	Waveform 1	1	19.72718578	19.72718578	0	22050	25-C13-19-03	a	2019
11	Waveform 1	1	19.73430642	19.73430642	0	22050	25-C13-19-03	a	2019
12	Waveform 1	1	19.74270962	19.74270962	0	22050	25-C13-19-03	a	2019
13	Waveform 1	1	19.75350115	19.75350115	0	22050	25-C13-19-03	a	2019
14	Waveform 1	1	19.76097557	19.76097557	0	22050	25-C13-19-03	a	2019
15	Waveform 1	1	19.7703297	19.7703297	0	22050	25-C13-19-03	a	2019
16	Waveform 1	1	19.78063469	19.78063469	0	22050	25-C13-19-03	a	2019
17	Waveform 1	1	19.79005516	19.79005516	0	22050	25-C13-19-03	a	2019
18	Waveform 1	1	19.79967462	19.79967462	0	22050	25-C13-19-03	a	2019
19	Waveform 1	1	20.13033565	20.13033565	0	22050	25-C13-19-03	b	2019
20	Waveform 1	1	20.13637146	20.13637146	0	22050	25-C13-19-03	b	2019
21	Waveform 1	1	20.14473711	20.14473711	0	22050	25-C13-19-03	b	2019
22	Waveform 1	1	20.15390024	20.15390024	0	22050	25-C13-19-03	b	2019
23	Waveform 1	1	20.16112445	20.16112445	0	22050	25-C13-19-03	b	2019
24	Waveform 1	1	20.16961754	20.16961754	0	22050	25-C13-19-03	b	2019
25	Waveform 1	1	20.18098384	20.18098384	0	22050	25-C13-19-03	b	2019
26	Waveform 1	1	20.18739683	20.18739683	0	22050	25-C13-19-03	b	2019
27	Waveform 1	1	20.19586638	20.19586638	0	22050	25-C13-19-03	b	2019
28	Waveform 1	1	20.20643676	20.20643676	0	22050	25-C13-19-03	b	2019
29	Waveform 1	1	20.21351314	20.21351314	0	22050	25-C13-19-03	b	2019
30	Waveform 1	1	20.22213751	20.22213751	0	22050	25-C13-19-03	b	2019
31	Waveform 1	1	20.23237616	20.23237616	0	22050	25-C13-19-03	b	2019
32	Waveform 1	1	20.23989485	20.23989485	0	22050	25-C13-19-03	b	2019
33	Waveform 1	1	20.24960276	20.24960276	0	22050	25-C13-19-03	b	2019
34	Waveform 1	1	20.25966453	20.25966453	0	22050	25-C13-19-03	b	2019
35	Waveform 1	1	20.26740432	20.26740432	0	22050	25-C13-19-03	b	2019
36	Waveform 1	1	20.27786414	20.27786414	0	22050	25-C13-19-03	b	2019
37	Waveform 1	1	20.66023282	20.66023282	0	22050	25-C13-19-03	c	2019
38	Waveform 1	1	20.66638045	20.66638045	0	22050	25-C13-19-03	c	2019
39	Waveform 1	1	20.67460677	20.67460677	0	22050	25-C13-19-03	c	2019
40	Waveform 1	1	20.68378396	20.68378396	0	22050	25-C13-19-03	c	2019
41	Waveform 1	1	20.69101517	20.69101517	0	22050	25-C13-19-03	c	2019
42	Waveform 1	1	20.69932992	20.69932992	0	22050	25-C13-19-03	c	2019
43	Waveform 1	1	20.71012144	20.71012144	0	22050	25-C13-19-03	c	2019
44	Waveform 1	1	20.71719782	20.71719782	0	22050	25-C13-19-03	c	2019
45	Waveform 1	1	20.72575585	20.72575585	0	22050	25-C13-19-03	c	2019
46	Waveform 1	1	20.73681271	20.73681271	0	22050	25-C13-19-03	c	2019
47	Waveform 1	1	20.74446407	20.74446407	0	22050	25-C13-19-03	c	2019
48	Waveform 1	1	20.75432679	20.75432679	0	22050	25-C13-19-03	c	2019
49	Waveform 1	1	21.20944948	21.20944948	0	22050	25-C13-19-03	d	2019
50	Waveform 1	1	21.21544231	21.21544231	0	22050	25-C13-19-03	d	2019
51	Waveform 1	1	21.22304942	21.22304942	0	22050	25-C13-19-03	d	2019
52	Waveform 1	1	21.23300062	21.23300062	0	22050	25-C13-19-03	d	2019
53	Waveform 1	1	21.24020968	21.24020968	0	22050	25-C13-19-03	d	2019
54	Waveform 1	1	21.24863503	21.24863503	0	22050	25-C13-19-03	d	2019
55	Waveform 1	1	21.25933807	21.25936018	0	22050	25-C13-19-03	d	2019
56	Waveform 1	1	21.26656927	21.26656927	0	22050	25-C13-19-03	d	2019
57	Waveform 1	1	21.27506093	21.27506093	0	22050	25-C13-19-03	d	2019
58	Waveform 1	1	21.28569766	21.28569766	0	22050	25-C13-19-03	d	2019
59	Waveform 1	1	21.29295098	21.29295098	0	22050	25-C13-19-03	d	2019
60	Waveform 1	1	21.30206182	21.30206182	0	22050	25-C13-19-03	d	2019
61	Waveform 1	1	21.31269852	21.31269852	0	22050	25-C13-19-03	d	2019
62	Waveform 1	1	21.32209687	21.32209687	0	22050	25-C13-19-03	d	2019
63	Waveform 1	1	21.33167211	21.33167211	0	22050	25-C13-19-03	d	2019
64	Waveform 1	1	21.72270916	21.72270916	0	22050	25-C13-19-03	e	2019
65	Waveform 1	1	21.72843663	21.72843663	0	22050	25-C13-19-03	e	2019
66	Waveform 1	1	21.73584475	21.73584475	0	22050	25-C13-19-03	e	2019
67	Waveform 1	1	21.74570746	21.74570746	0	22050	25-C13-19-03	e	2019
68	Waveform 1	1	21.75320403	21.75320403	0	22050	25-C13-19-03	e	2019
69	Waveform 1	1	21.76131976	21.76131976	0	22050	25-C13-19-03	e	2019
70	Waveform 1	1	21.77175746	21.77175746	0	22050	25-C13-19-03	e	2019
71	Waveform 1	1	21.77883387	21.77883387	0	22050	25-C13-19-03	e	2019
72	Waveform 1	1	21.78723707	21.78723707	0	22050	25-C13-19-03	e	2019
73	Waveform 1	1	21.79807279	21.79807279	0	22050	25-C13-19-03	e	2019
74	Waveform 1	1	21.80497229	21.80497229	0	22050	25-C13-19-03	e	2019
75	Waveform 1	1	21.81344187	21.81344187	0	22050	25-C13-19-03	e	2019
76	Waveform 1	1	21.82410068	21.82410068	0	22050	25-C13-19-03	e	2019
77	Waveform 1	1	21.831354	21.831354	0	22050	25-C13-19-03	e	2019
78	Waveform 1	1	21.84046484	21.84046484	0	22050	25-C13-19-03	e	2019
79	Waveform 1	1	21.85079198	21.85079198	0	22050	25-C13-19-03	e	2019
80	Waveform 1	1	21.86061024	21.86061024	0	22050	25-C13-19-03	e	2019
81	Waveform 1	1	21.87069412	21.87069412	0	22050	25-C13-19-03	e	2019
82	Waveform 1	1	22.21128971	22.21128971	0	22050	25-C13-19-03	f	2019
83	Waveform 1	1	22.21734889	22.217371	0	22050	25-C13-19-03	f	2019
84	Waveform 1	1	22.22526562	22.22526562	0	22050	25-C13-19-03	f	2019
85	Waveform 1	1	22.23479663	22.23479663	0	22050	25-C13-19-03	f	2019
86	Waveform 1	1	22.24209418	22.24209418	0	22050	25-C13-19-03	f	2019
87	Waveform 1	1	22.25034258	22.25034258	0	22050	25-C13-19-03	f	2019
88	Waveform 1	1	22.26093508	22.26093508	0	22050	25-C13-19-03	f	2019
89	Waveform 1	1	22.26801146	22.26801146	0	22050	25-C13-19-03	f	2019
90	Waveform 1	1	22.27619356	22.27619356	0	22050	25-C13-19-03	f	2019
91	Waveform 1	1	22.28680814	22.28680814	0	22050	25-C13-19-03	f	2019
92	Waveform 1	1	22.29384032	22.29384032	0	22050	25-C13-19-03	f	2019
93	Waveform 1	1	22.30286271	22.30286271	0	22050	25-C13-19-03	f	2019
94	Waveform 1	1	22.31338887	22.31338887	0	22050	25-C13-19-03	f	2019
95	Waveform 1	1	22.32068642	22.32068642	0	22050	25-C13-19-03	f	2019
96	Waveform 1	1	22.33026165	22.33026165	0	22050	25-C13-19-03	f	2019
97	Waveform 1	1	22.34030128	22.34030128	0	22050	25-C13-19-03	f	2019
98	Waveform 1	1	22.3483728	22.3483728	0	22050	25-C13-19-03	f	2019
99	Waveform 1	1	22.35761636	22.35761636	0	22050	25-C13-19-03	f	2019
100	Waveform 1	1	22.88423881	22.88423881	0	22050	25-C13-19-03	g	2019
101	Waveform 1	1	22.89037857	22.89037857	0	22050	25-C13-19-03	g	2019
102	Waveform 1	1	22.89809887	22.89809887	0	22050	25-C13-19-03	g	2019
103	Waveform 1	1	22.9077238	22.9077238	0	22050	25-C13-19-03	g	2019
104	Waveform 1	1	22.91493752	22.91493752	0	22050	25-C13-19-03	g	2019
105	Waveform 1	1	22.92298211	22.92298211	0	22050	25-C13-19-03	g	2019
106	Waveform 1	1	22.93323532	22.93323532	0	22050	25-C13-19-03	g	2019
107	Waveform 1	1	22.94040858	22.94040858	0	22050	25-C13-19-03	g	2019
108	Waveform 1	1	22.94875705	22.94875705	0	22050	25-C13-19-03	g	2019
109	Waveform 1	1	22.95903059	22.95903059	0	22050	25-C13-19-03	g	2019
110	Waveform 1	1	22.96636589	22.96636589	0	22050	25-C13-19-03	g	2019
111	Waveform 1	1	22.97534259	22.97534259	0	22050	25-C13-19-03	g	2019
112	Waveform 1	1	22.9861429	22.9861429	0	22050	25-C13-19-03	g	2019
113	Waveform 1	1	22.99463328	22.99463328	0	22050	25-C13-19-03	g	2019
114	Waveform 1	1	23.00531202	23.00531202	0	22050	25-C13-19-03	g	2019
115	Waveform 1	1	23.33195722	23.33195722	0	22050	25-C13-19-03	h	2019
116	Waveform 1	1	23.33807672	23.33807672	0	22050	25-C13-19-03	h	2019
117	Waveform 1	1	23.34551334	23.34551334	0	22050	25-C13-19-03	h	2019
118	Waveform 1	1	23.35568557	23.35568557	0	22050	25-C13-19-03	h	2019
119	Waveform 1	1	23.36263587	23.36263587	0	22050	25-C13-19-03	h	2019
120	Waveform 1	1	23.37102493	23.37102493	0	22050	25-C13-19-03	h	2019
121	Waveform 1	1	23.38174419	23.38174419	0	22050	25-C13-19-03	h	2019
122	Waveform 1	1	23.38869457	23.38869457	0	22050	25-C13-19-03	h	2019
123	Waveform 1	1	23.39698224	23.39698224	0	22050	25-C13-19-03	h	2019
124	Waveform 1	1	23.40770158	23.40770158	0	22050	25-C13-19-03	h	2019
125	Waveform 1	1	23.41471266	23.41471266	0	22050	25-C13-19-03	h	2019
126	Waveform 1	1	23.42350699	23.42350699	0	22050	25-C13-19-03	h	2019
127	Waveform 1	1	23.43418558	23.43418558	0	22050	25-C13-19-03	h	2019
128	Waveform 1	1	23.44135877	23.44135877	0	22050	25-C13-19-03	h	2019
129	Waveform 1	1	23.45051776	23.45051776	0	22050	25-C13-19-03	h	2019
130	Waveform 1	1	23.46071026	23.46071026	0	22050	25-C13-19-03	h	2019
131	Waveform 1	1	23.46859274	23.46859274	0	22050	25-C13-19-03	h	2019
132	Waveform 1	1	23.47809621	23.47809621	0	22050	25-C13-19-03	h	2019
133	Waveform 1	1	23.82595681	23.82595681	0	22050	25-C13-19-03	i	2019
134	Waveform 1	1	23.83187376	23.83187376	0	22050	25-C13-19-03	i	2019
135	Waveform 1	1	23.84071006	23.84071006	0	22050	25-C13-19-03	i	2019
136	Waveform 1	1	23.84950432	23.84950432	0	22050	25-C13-19-03	i	2019
137	Waveform 1	1	23.85665732	23.85665732	0	22050	25-C13-19-03	i	2019
138	Waveform 1	1	23.86504631	23.86504631	0	22050	25-C13-19-03	i	2019
139	Waveform 1	1	23.8756238	23.8756238	0	22050	25-C13-19-03	i	2019
140	Waveform 1	1	23.88265515	23.88265515	0	22050	25-C13-19-03	i	2019
141	Waveform 1	1	23.89098343	23.89098343	0	22050	25-C13-19-03	i	2019
142	Waveform 1	1	23.90172295	23.90172295	0	22050	25-C13-19-03	i	2019
143	Waveform 1	1	23.90861254	23.90861254	0	22050	25-C13-19-03	i	2019
144	Waveform 1	1	23.91736626	23.91736626	0	22050	25-C13-19-03	i	2019
145	Waveform 1	1	23.92784244	23.92784244	0	22050	25-C13-19-03	i	2019
146	Waveform 1	1	23.93501564	23.93501564	0	22050	25-C13-19-03	i	2019
147	Waveform 1	1	23.9440126	23.9440126	0	22050	25-C13-19-03	i	2019
148	Waveform 1	1	23.95424554	23.95424554	0	22050	25-C13-19-03	i	2019
149	Waveform 1	1	23.96322224	23.96322224	0	22050	25-C13-19-03	i	2019
150	Waveform 1	1	23.97211788	23.97211788	0	22050	25-C13-19-03	i	2019
151	Waveform 1	1	24.38133616	24.38133616	0	22050	25-C13-19-03	j	2019
152	Waveform 1	1	24.38729355	24.38729355	0	22050	25-C13-19-03	j	2019
153	Waveform 1	1	24.39576359	24.39576359	0	22050	25-C13-19-03	j	2019
154	Waveform 1	1	24.40492237	24.40492237	0	22050	25-C13-19-03	j	2019
155	Waveform 1	1	24.41219688	24.41219688	0	22050	25-C13-19-03	j	2019
156	Waveform 1	1	24.42054542	24.42054542	0	22050	25-C13-19-03	j	2019
157	Waveform 1	1	24.43120389	24.43120389	0	22050	25-C13-19-03	j	2019
158	Waveform 1	1	24.43815426	24.43815426	0	22050	25-C13-19-03	j	2019
159	Waveform 1	1	24.44654325	24.44654325	0	22050	25-C13-19-03	j	2019
160	Waveform 1	1	24.45716127	24.45716127	0	22050	25-C13-19-03	j	2019
161	Waveform 1	1	24.46409131	24.46409131	0	22050	25-C13-19-03	j	2019
162	Waveform 1	1	24.47286537	24.47286537	0	22050	25-C13-19-03	j	2019
163	Waveform 1	1	24.48348332	24.48348332	0	22050	25-C13-19-03	j	2019
164	Waveform 1	1	24.49100106	24.49100106	0	22050	25-C13-19-03	j	2019
165	Waveform 1	1	24.50034242	24.50034242	0	22050	25-C13-19-03	j	2019
166	Waveform 1	1	24.51173045	24.51173045	0	22050	25-C13-19-03	j	2019
