Selection	View	Channel	Begin Time (s)	End Time (s)	Low Freq (Hz)	High Freq (Hz)	file	syllable	year
1	Waveform 1	1	69.8757216	69.8757216	0	22050	33-C45-19-05	a	2019
2	Waveform 1	1	69.8827975	69.8827975	0	22050	33-C45-19-05	a	2019
3	Waveform 1	1	69.89170523	69.89170523	0	22050	33-C45-19-05	a	2019
4	Waveform 1	1	69.90201377	69.90201377	0	22050	33-C45-19-05	a	2019
5	Waveform 1	1	69.90973619	69.90973619	0	22050	33-C45-19-05	a	2019
6	Waveform 1	1	69.91950589	69.91950589	0	22050	33-C45-19-05	a	2019
7	Waveform 1	1	69.92834337	69.92834337	0	22050	33-C45-19-05	a	2019
8	Waveform 1	1	69.93669925	69.93669925	0	22050	33-C45-19-05	a	2019
9	Waveform 1	1	69.94767121	69.94767121	0	22050	33-C45-19-05	a	2019
10	Waveform 1	1	69.95498575	69.95498575	0	22050	33-C45-19-05	a	2019
11	Waveform 1	1	69.96423064	69.96423064	0	22050	33-C45-19-05	a	2019
12	Waveform 1	1	69.9741104	69.9741104	0	22050	33-C45-19-05	a	2019
13	Waveform 1	1	69.98203459	69.98203459	0	22050	33-C45-19-05	a	2019
14	Waveform 1	1	69.99260017	69.99260017	0	22050	33-C45-19-05	a	2019
15	Waveform 1	1	70.00138795	70.00138795	0	22050	33-C45-19-05	a	2019
16	Waveform 1	1	70.01205513	70.01205513	0	22050	33-C45-19-05	a	2019
17	Waveform 1	1	70.38129223	70.38129223	0	22050	33-C45-19-05	b	2019
18	Waveform 1	1	70.38860687	70.38860687	0	22050	33-C45-19-05	b	2019
19	Waveform 1	1	70.39764857	70.39764857	0	22050	33-C45-19-05	b	2019
20	Waveform 1	1	70.40788404	70.40788404	0	22050	33-C45-19-05	b	2019
21	Waveform 1	1	70.41547806	70.41547806	0	22050	33-C45-19-05	b	2019
22	Waveform 1	1	70.42548495	70.42548495	0	22050	33-C45-19-05	b	2019
23	Waveform 1	1	70.43358692	70.43358692	0	22050	33-C45-19-05	b	2019
24	Waveform 1	1	70.44217146	70.44217146	0	22050	33-C45-19-05	b	2019
25	Waveform 1	1	70.45309268	70.45309268	0	22050	33-C45-19-05	b	2019
26	Waveform 1	1	70.46022953	70.46022953	0	22050	33-C45-19-05	b	2019
27	Waveform 1	1	70.46962687	70.46962687	0	22050	33-C45-19-05	b	2019
28	Waveform 1	1	70.47887175	70.47887175	0	22050	33-C45-19-05	b	2019
29	Waveform 1	1	70.48669441	70.48669441	0	22050	33-C45-19-05	b	2019
30	Waveform 1	1	70.49685363	70.49685363	0	22050	33-C45-19-05	b	2019
31	Waveform 1	1	70.50460003	70.50460003	0	22050	33-C45-19-05	b	2019
32	Waveform 1	1	70.51366705	70.51366705	0	22050	33-C45-19-05	b	2019
33	Waveform 1	1	70.52484219	70.52484219	0	22050	33-C45-19-05	b	2019
34	Waveform 1	1	70.53510306	70.53510306	0	22050	33-C45-19-05	b	2019
35	Waveform 1	1	70.97324488	70.97324488	0	22050	33-C45-19-05	c	2019
36	Waveform 1	1	70.98066111	70.98066111	0	22050	33-C45-19-05	c	2019
37	Waveform 1	1	70.98967747	70.98967747	0	22050	33-C45-19-05	c	2019
38	Waveform 1	1	70.99963351	70.99963351	0	22050	33-C45-19-05	c	2019
39	Waveform 1	1	71.00750696	71.00750696	0	22050	33-C45-19-05	c	2019
40	Waveform 1	1	71.01771697	71.01771697	0	22050	33-C45-19-05	c	2019
41	Waveform 1	1	71.02561582	71.02561582	0	22050	33-C45-19-05	c	2019
42	Waveform 1	1	71.03430195	71.03430195	0	22050	33-C45-19-05	c	2019
43	Waveform 1	1	71.04522311	71.04522311	0	22050	33-C45-19-05	c	2019
44	Waveform 1	1	71.05241082	71.05241082	0	22050	33-C45-19-05	c	2019
45	Waveform 1	1	71.06236685	71.06236685	0	22050	33-C45-19-05	c	2019
46	Waveform 1	1	71.07166259	71.07166259	0	22050	33-C45-19-05	c	2019
47	Waveform 1	1	71.07953599	71.07953599	0	22050	33-C45-19-05	c	2019
48	Waveform 1	1	71.09020322	71.09020322	0	22050	33-C45-19-05	c	2019
49	Waveform 1	1	71.09868617	71.09868617	0	22050	33-C45-19-05	c	2019
50	Waveform 1	1	71.10889618	71.10889618	0	22050	33-C45-19-05	c	2019
51	Waveform 1	1	73.19875571	73.19875571	0	22050	33-C45-19-05	d	2019
52	Waveform 1	1	73.20580441	73.20580441	0	22050	33-C45-19-05	d	2019
53	Waveform 1	1	73.21456116	73.21456116	0	22050	33-C45-19-05	d	2019
54	Waveform 1	1	73.22488155	73.22488155	0	22050	33-C45-19-05	d	2019
55	Waveform 1	1	73.23243545	73.23243545	0	22050	33-C45-19-05	d	2019
56	Waveform 1	1	73.24241911	73.24241911	0	22050	33-C45-19-05	d	2019
57	Waveform 1	1	73.25107956	73.25107956	0	22050	33-C45-19-05	d	2019
58	Waveform 1	1	73.25937923	73.25937923	0	22050	33-C45-19-05	d	2019
59	Waveform 1	1	73.27030103	73.27030103	0	22050	33-C45-19-05	d	2019
60	Waveform 1	1	73.27737379	73.27737379	0	22050	33-C45-19-05	d	2019
61	Waveform 1	1	73.28682826	73.28682826	0	22050	33-C45-19-05	d	2019
62	Waveform 1	1	73.29676381	73.29676381	0	22050	33-C45-19-05	d	2019
63	Waveform 1	1	73.30453414	73.30453414	0	22050	33-C45-19-05	d	2019
64	Waveform 1	1	73.31523951	73.31523951	0	22050	33-C45-19-05	d	2019
65	Waveform 1	1	73.32365953	73.32365953	0	22050	33-C45-19-05	d	2019
66	Waveform 1	1	73.33364319	73.33364319	0	22050	33-C45-19-05	d	2019
67	Waveform 1	1	73.70658077	73.70658077	0	22050	33-C45-19-05	e	2019
68	Waveform 1	1	73.7140961	73.7140961	0	22050	33-C45-19-05	e	2019
69	Waveform 1	1	73.7231145	73.7231145	0	22050	33-C45-19-05	e	2019
70	Waveform 1	1	73.7333734	73.7333734	0	22050	33-C45-19-05	e	2019
71	Waveform 1	1	73.74098416	73.74098416	0	22050	33-C45-19-05	e	2019
72	Waveform 1	1	73.75076602	73.75076602	0	22050	33-C45-19-05	e	2019
73	Waveform 1	1	73.75930725	73.75930725	0	22050	33-C45-19-05	e	2019
74	Waveform 1	1	73.76746675	73.76746675	0	22050	33-C45-19-05	e	2019
75	Waveform 1	1	73.77844152	73.77844152	0	22050	33-C45-19-05	e	2019
76	Waveform 1	1	73.78583756	73.78583756	0	22050	33-C45-19-05	e	2019
77	Waveform 1	1	73.7952854	73.79530926	0	22050	33-C45-19-05	e	2019
78	Waveform 1	1	73.80420837	73.80420837	0	22050	33-C45-19-05	e	2019
79	Waveform 1	1	73.81277331	73.81277331	0	22050	33-C45-19-05	e	2019
80	Waveform 1	1	73.82260289	73.82260289	0	22050	33-C45-19-05	e	2019
81	Waveform 1	1	73.83026107	73.83026107	0	22050	33-C45-19-05	e	2019
82	Waveform 1	1	73.83942262	73.83942262	0	22050	33-C45-19-05	e	2019
83	Waveform 1	1	73.84972936	73.84972936	0	22050	33-C45-19-05	e	2019
84	Waveform 1	1	73.85977365	73.85977365	0	22050	33-C45-19-05	e	2019
85	Waveform 1	1	90.31599517	90.31599517	0	22050	33-C45-19-05	f	2019
86	Waveform 1	1	90.32349351	90.32349351	0	22050	33-C45-19-05	f	2019
87	Waveform 1	1	90.33254999	90.33254999	0	22050	33-C45-19-05	f	2019
88	Waveform 1	1	90.34307326	90.34307326	0	22050	33-C45-19-05	f	2019
89	Waveform 1	1	90.3506816	90.3506816	0	22050	33-C45-19-05	f	2019
90	Waveform 1	1	90.36052654	90.36052654	0	22050	33-C45-19-05	f	2019
91	Waveform 1	1	90.36886821	90.36886821	0	22050	33-C45-19-05	f	2019
92	Waveform 1	1	90.37704481	90.37704481	0	22050	33-C45-19-05	f	2019
93	Waveform 1	1	90.38795308	90.38795308	0	22050	33-C45-19-05	f	2019
94	Waveform 1	1	90.39512142	90.39512142	0	22050	33-C45-19-05	f	2019
95	Waveform 1	1	90.40452636	90.40452636	0	22050	33-C45-19-05	f	2019
96	Waveform 1	1	90.41338136	90.41338136	0	22050	33-C45-19-05	f	2019
97	Waveform 1	1	90.4213013	90.4213013	0	22050	33-C45-19-05	f	2019
98	Waveform 1	1	90.43173297	90.43173297	0	22050	33-C45-19-05	f	2019
99	Waveform 1	1	90.4394329	90.4394329	0	22050	33-C45-19-05	f	2019
100	Waveform 1	1	90.44823291	90.44823291	0	22050	33-C45-19-05	f	2019
101	Waveform 1	1	90.45904951	90.45904951	0	22050	33-C45-19-05	f	2019
102	Waveform 1	1	90.46823445	90.46823445	0	22050	33-C45-19-05	f	2019
103	Waveform 1	1	90.47923446	90.47923446	0	22050	33-C45-19-05	f	2019
104	Waveform 1	1	161.2455839	161.2455839	0	22050	33-C45-19-05	g	2019
105	Waveform 1	1	161.2529118	161.2529118	0	22050	33-C45-19-05	g	2019
106	Waveform 1	1	161.261753	161.261753	0	22050	33-C45-19-05	g	2019
107	Waveform 1	1	161.2717291	161.2717291	0	22050	33-C45-19-05	g	2019
108	Waveform 1	1	161.2796942	161.2796942	0	22050	33-C45-19-05	g	2019
109	Waveform 1	1	161.2900288	161.2900288	0	22050	33-C45-19-05	g	2019
110	Waveform 1	1	161.2977948	161.2977948	0	22050	33-C45-19-05	g	2019
111	Waveform 1	1	161.3066359	161.3066359	0	22050	33-C45-19-05	g	2019
112	Waveform 1	1	161.3173489	161.3173489	0	22050	33-C45-19-05	g	2019
113	Waveform 1	1	161.3245573	161.3245573	0	22050	33-C45-19-05	g	2019
114	Waveform 1	1	161.3345733	161.3345733	0	22050	33-C45-19-05	g	2019
115	Waveform 1	1	161.3429963	161.3429963	0	22050	33-C45-19-05	g	2019
116	Waveform 1	1	161.3508817	161.3508817	0	22050	33-C45-19-05	g	2019
117	Waveform 1	1	161.3615748	161.3615748	0	22050	33-C45-19-05	g	2019
118	Waveform 1	1	161.3693805	161.3693805	0	22050	33-C45-19-05	g	2019
119	Waveform 1	1	161.3786001	161.3786001	0	22050	33-C45-19-05	g	2019
120	Waveform 1	1	161.3900498	161.3900498	0	22050	33-C45-19-05	g	2019
121	Waveform 1	1	216.6685267	216.6685267	0	22050	33-C45-19-05	h	2019
122	Waveform 1	1	216.6756073	216.6756073	0	22050	33-C45-19-05	h	2019
123	Waveform 1	1	216.6846704	216.6846704	0	22050	33-C45-19-05	h	2019
124	Waveform 1	1	216.6951143	216.6951143	0	22050	33-C45-19-05	h	2019
125	Waveform 1	1	216.7027259	216.7027259	0	22050	33-C45-19-05	h	2019
126	Waveform 1	1	216.7124971	216.7124971	0	22050	33-C45-19-05	h	2019
127	Waveform 1	1	216.7211	216.7211	0	22050	33-C45-19-05	h	2019
128	Waveform 1	1	216.7297737	216.7297737	0	22050	33-C45-19-05	h	2019
129	Waveform 1	1	216.7408194	216.7408194	0	22050	33-C45-19-05	h	2019
130	Waveform 1	1	216.7479708	216.7479708	0	22050	33-C45-19-05	h	2019
131	Waveform 1	1	216.7574233	216.7574233	0	22050	33-C45-19-05	h	2019
132	Waveform 1	1	216.7670883	216.7670883	0	22050	33-C45-19-05	h	2019
133	Waveform 1	1	216.7749124	216.7749124	0	22050	33-C45-19-05	h	2019
134	Waveform 1	1	216.7856394	216.7856394	0	22050	33-C45-19-05	h	2019
135	Waveform 1	1	216.7939945	216.7939945	0	22050	33-C45-19-05	h	2019
136	Waveform 1	1	216.8037303	216.8037303	0	22050	33-C45-19-05	h	2019
137	Waveform 1	1	217.1746816	217.1746816	0	22050	33-C45-19-05	i	2019
138	Waveform 1	1	217.1823641	217.1823641	0	22050	33-C45-19-05	i	2019
139	Waveform 1	1	217.191321	217.191321	0	22050	33-C45-19-05	i	2019
140	Waveform 1	1	217.2012338	217.2012338	0	22050	33-C45-19-05	i	2019
141	Waveform 1	1	217.2090578	217.2090578	0	22050	33-C45-19-05	i	2019
142	Waveform 1	1	217.2193247	217.2193247	0	22050	33-C45-19-05	i	2019
143	Waveform 1	1	217.2274319	217.2274319	0	22050	33-C45-19-05	i	2019
144	Waveform 1	1	217.2359155	217.2359155	0	22050	33-C45-19-05	i	2019
145	Waveform 1	1	217.2470055	217.2470055	0	22050	33-C45-19-05	i	2019
146	Waveform 1	1	217.25409	217.25409	0	22050	33-C45-19-05	i	2019
147	Waveform 1	1	217.2636278	217.2636278	0	22050	33-C45-19-05	i	2019
148	Waveform 1	1	217.2730404	217.2730404	0	22050	33-C45-19-05	i	2019
149	Waveform 1	1	217.280926	217.280926	0	22050	33-C45-19-05	i	2019
150	Waveform 1	1	217.2912649	217.2912649	0	22050	33-C45-19-05	i	2019
151	Waveform 1	1	217.2989753	217.2989753	0	22050	33-C45-19-05	i	2019
152	Waveform 1	1	217.3080625	217.3080625	0	22050	33-C45-19-05	i	2019
153	Waveform 1	1	217.3186517	217.3186517	0	22050	33-C45-19-05	i	2019
154	Waveform 1	1	217.3283147	217.3283147	0	22050	33-C45-19-05	i	2019
155	Waveform 1	1	217.8640846	217.8640846	0	22050	33-C45-19-05	j	2019
156	Waveform 1	1	217.8714194	217.8714194	0	22050	33-C45-19-05	j	2019
157	Waveform 1	1	217.8805818	217.8805818	0	22050	33-C45-19-05	j	2019
158	Waveform 1	1	217.8911459	217.8911459	0	22050	33-C45-19-05	j	2019
159	Waveform 1	1	217.8989064	217.8989064	0	22050	33-C45-19-05	j	2019
160	Waveform 1	1	217.9087446	217.9087446	0	22050	33-C45-19-05	j	2019
161	Waveform 1	1	217.9169556	217.9169556	0	22050	33-C45-19-05	j	2019
162	Waveform 1	1	217.9253669	217.9253669	0	22050	33-C45-19-05	j	2019
163	Waveform 1	1	217.9364318	217.9364318	0	22050	33-C45-19-05	j	2019
164	Waveform 1	1	217.9436665	217.9436665	0	22050	33-C45-19-05	j	2019
165	Waveform 1	1	217.9534296	217.9534296	0	22050	33-C45-19-05	j	2019
166	Waveform 1	1	217.9628172	217.9628172	0	22050	33-C45-19-05	j	2019
167	Waveform 1	1	217.9711284	217.9711284	0	22050	33-C45-19-05	j	2019
168	Waveform 1	1	217.9824186	217.9824186	0	22050	33-C45-19-05	j	2019
169	Waveform 1	1	217.9937088	217.9937088	0	22050	33-C45-19-05	j	2019
