Selection	View	Channel	Begin Time (s)	End Time (s)	Low Freq (Hz)	High Freq (Hz)	file	syllable	year
1	Waveform 1	1	20.78468558	20.78468558	0	48000	6-C03-19-02	a	2019
2	Waveform 1	1	20.79106363	20.79106363	0	48000	6-C03-19-02	a	2019
3	Waveform 1	1	20.79915953	20.79915953	0	48000	6-C03-19-02	a	2019
4	Waveform 1	1	20.80959634	20.80959634	0	48000	6-C03-19-02	a	2019
5	Waveform 1	1	20.81734872	20.81734872	0	48000	6-C03-19-02	a	2019
6	Waveform 1	1	20.82561656	20.82561656	0	48000	6-C03-19-02	a	2019
7	Waveform 1	1	20.8364828	20.8364828	0	48000	6-C03-19-02	a	2019
8	Waveform 1	1	20.84335478	20.84335478	0	48000	6-C03-19-02	a	2019
9	Waveform 1	1	20.85172993	20.85172993	0	48000	6-C03-19-02	a	2019
10	Waveform 1	1	20.86242444	20.86242444	0	48000	6-C03-19-02	a	2019
11	Waveform 1	1	20.86914602	20.86914602	0	48000	6-C03-19-02	a	2019
12	Waveform 1	1	20.87771451	20.87771451	0	48000	6-C03-19-02	a	2019
13	Waveform 1	1	20.88832306	20.88832306	0	48000	6-C03-19-02	a	2019
14	Waveform 1	1	20.89510913	20.89510913	0	48000	6-C03-19-02	a	2019
15	Waveform 1	1	20.90374198	20.90374198	0	48000	6-C03-19-02	a	2019
16	Waveform 1	1	20.91385667	20.91385667	0	48000	6-C03-19-02	a	2019
17	Waveform 1	1	20.92281164	20.92281164	0	48000	6-C03-19-02	a	2019
18	Waveform 1	1	20.93230355	20.93230355	0	48000	6-C03-19-02	a	2019
19	Waveform 1	1	21.4247396	21.4247396	0	48000	6-C03-19-02	b	2019
20	Waveform 1	1	21.43128944	21.43128944	0	48000	6-C03-19-02	b	2019
21	Waveform 1	1	21.43947112	21.43947112	0	48000	6-C03-19-02	b	2019
22	Waveform 1	1	21.45036254	21.45036254	0	48000	6-C03-19-02	b	2019
23	Waveform 1	1	21.4582653	21.4582653	0	48000	6-C03-19-02	b	2019
24	Waveform 1	1	21.46661898	21.46661898	0	48000	6-C03-19-02	b	2019
25	Waveform 1	1	21.47767856	21.47767856	0	48000	6-C03-19-02	b	2019
26	Waveform 1	1	21.48444374	21.48444374	0	48000	6-C03-19-02	b	2019
27	Waveform 1	1	21.49333435	21.49333435	0	48000	6-C03-19-02	b	2019
28	Waveform 1	1	21.50458721	21.50458721	0	48000	6-C03-19-02	b	2019
29	Waveform 1	1	21.51160944	21.51160944	0	48000	6-C03-19-02	b	2019
30	Waveform 1	1	21.52120873	21.52120873	0	48000	6-C03-19-02	b	2019
31	Waveform 1	1	21.53297692	21.53297692	0	48000	6-C03-19-02	b	2019
32	Waveform 1	1	21.54339219	21.54339219	0	48000	6-C03-19-02	b	2019
33	Waveform 1	1	22.23440956	22.23440956	0	48000	6-C03-19-02	c	2019
34	Waveform 1	1	22.24072318	22.24072318	0	48000	6-C03-19-02	c	2019
35	Waveform 1	1	22.24851857	22.24851857	0	48000	6-C03-19-02	c	2019
36	Waveform 1	1	22.25876205	22.25876205	0	48000	6-C03-19-02	c	2019
37	Waveform 1	1	22.26709431	22.26709431	0	48000	6-C03-19-02	c	2019
38	Waveform 1	1	22.27519029	22.27519029	0	48000	6-C03-19-02	c	2019
39	Waveform 1	1	22.28599211	22.28599211	0	48000	6-C03-19-02	c	2019
40	Waveform 1	1	22.29297146	22.29297146	0	48000	6-C03-19-02	c	2019
41	Waveform 1	1	22.30136815	22.30136815	0	48000	6-C03-19-02	c	2019
42	Waveform 1	1	22.31199817	22.31199817	0	48000	6-C03-19-02	c	2019
43	Waveform 1	1	22.31874129	22.31874129	0	48000	6-C03-19-02	c	2019
44	Waveform 1	1	22.32728824	22.32728824	0	48000	6-C03-19-02	c	2019
45	Waveform 1	1	22.33748883	22.33748883	0	48000	6-C03-19-02	c	2019
46	Waveform 1	1	22.34448958	22.34448958	0	48000	6-C03-19-02	c	2019
47	Waveform 1	1	22.35307955	22.35307955	0	48000	6-C03-19-02	c	2019
48	Waveform 1	1	22.3632586	22.3632586	0	48000	6-C03-19-02	c	2019
49	Waveform 1	1	22.37322296	22.37322296	0	48000	6-C03-19-02	c	2019
50	Waveform 1	1	22.70142286	22.70142286	0	48000	6-C03-19-02	d	2019
51	Waveform 1	1	22.707734	22.707734	0	48000	6-C03-19-02	d	2019
52	Waveform 1	1	22.71572515	22.71572515	0	48000	6-C03-19-02	d	2019
53	Waveform 1	1	22.7260126	22.7260126	0	48000	6-C03-19-02	d	2019
54	Waveform 1	1	22.73382818	22.73382818	0	48000	6-C03-19-02	d	2019
55	Waveform 1	1	22.74201006	22.74201006	0	48000	6-C03-19-02	d	2019
56	Waveform 1	1	22.75289784	22.75289784	0	48000	6-C03-19-02	d	2019
57	Waveform 1	1	22.7596409	22.7596409	0	48000	6-C03-19-02	d	2019
58	Waveform 1	1	22.76801612	22.76801612	0	48000	6-C03-19-02	d	2019
59	Waveform 1	1	22.77879646	22.77879646	0	48000	6-C03-19-02	d	2019
60	Waveform 1	1	22.78549663	22.78549663	0	48000	6-C03-19-02	d	2019
61	Waveform 1	1	22.79432276	22.79434424	0	48000	6-C03-19-02	d	2019
62	Waveform 1	1	22.80463072	22.80463072	0	48000	6-C03-19-02	d	2019
63	Waveform 1	1	22.81145937	22.81145937	0	48000	6-C03-19-02	d	2019
64	Waveform 1	1	22.82037145	22.82037145	0	48000	6-C03-19-02	d	2019
65	Waveform 1	1	22.8304646	22.8304646	0	48000	6-C03-19-02	d	2019
66	Waveform 1	1	22.83785197	22.83785197	0	48000	6-C03-19-02	d	2019
67	Waveform 1	1	22.84695727	22.84695727	0	48000	6-C03-19-02	d	2019
68	Waveform 1	1	22.85683573	22.85683573	0	48000	6-C03-19-02	d	2019
69	Waveform 1	1	23.61992266	23.61992266	0	48000	6-C03-19-02	e	2019
70	Waveform 1	1	23.62627917	23.62627917	0	48000	6-C03-19-02	e	2019
71	Waveform 1	1	23.63409604	23.63409604	0	48000	6-C03-19-02	e	2019
72	Waveform 1	1	23.64423282	23.64423282	0	48000	6-C03-19-02	e	2019
73	Waveform 1	1	23.65271535	23.65271535	0	48000	6-C03-19-02	e	2019
74	Waveform 1	1	23.66066107	23.66066107	0	48000	6-C03-19-02	e	2019
75	Waveform 1	1	23.67141994	23.67141994	0	48000	6-C03-19-02	e	2019
76	Waveform 1	1	23.67833486	23.67833486	0	48000	6-C03-19-02	e	2019
77	Waveform 1	1	23.68690329	23.68690329	0	48000	6-C03-19-02	e	2019
78	Waveform 1	1	23.69770517	23.69770517	0	48000	6-C03-19-02	e	2019
79	Waveform 1	1	23.70423348	23.70423348	0	48000	6-C03-19-02	e	2019
80	Waveform 1	1	23.71293082	23.71293082	0	48000	6-C03-19-02	e	2019
81	Waveform 1	1	23.72315281	23.72315281	0	48000	6-C03-19-02	e	2019
82	Waveform 1	1	23.72991741	23.72991741	0	48000	6-C03-19-02	e	2019
83	Waveform 1	1	23.73859321	23.73859321	0	48000	6-C03-19-02	e	2019
84	Waveform 1	1	23.74855757	23.74855757	0	48000	6-C03-19-02	e	2019
85	Waveform 1	1	23.7576414	23.7576414	0	48000	6-C03-19-02	e	2019
86	Waveform 1	1	23.76728363	23.76728363	0	48000	6-C03-19-02	e	2019
87	Waveform 1	1	24.083157	24.083157	0	48000	6-C03-19-02	f	2019
88	Waveform 1	1	24.08953505	24.08953505	0	48000	6-C03-19-02	f	2019
89	Waveform 1	1	24.09763109	24.09763109	0	48000	6-C03-19-02	f	2019
90	Waveform 1	1	24.10787456	24.10787456	0	48000	6-C03-19-02	f	2019
91	Waveform 1	1	24.11584176	24.11584176	0	48000	6-C03-19-02	f	2019
92	Waveform 1	1	24.12406659	24.12406659	0	48000	6-C03-19-02	f	2019
93	Waveform 1	1	24.13493289	24.13493289	0	48000	6-C03-19-02	f	2019
94	Waveform 1	1	24.14167595	24.14167595	0	48000	6-C03-19-02	f	2019
95	Waveform 1	1	24.15015854	24.15015854	0	48000	6-C03-19-02	f	2019
96	Waveform 1	1	24.16089594	24.16089594	0	48000	6-C03-19-02	f	2019
97	Waveform 1	1	24.16755316	24.16755316	0	48000	6-C03-19-02	f	2019
98	Waveform 1	1	24.17616454	24.17616454	0	48000	6-C03-19-02	f	2019
99	Waveform 1	1	24.18649397	24.18649397	0	48000	6-C03-19-02	f	2019
100	Waveform 1	1	24.19336588	24.19336588	0	48000	6-C03-19-02	f	2019
101	Waveform 1	1	24.20227797	24.20227797	0	48000	6-C03-19-02	f	2019
102	Waveform 1	1	24.21222079	24.21222079	0	48000	6-C03-19-02	f	2019
103	Waveform 1	1	24.21962964	24.21962964	0	48000	6-C03-19-02	f	2019
104	Waveform 1	1	24.22854166	24.22854166	0	48000	6-C03-19-02	f	2019
105	Waveform 1	1	24.238098	24.238098	0	48000	6-C03-19-02	f	2019
106	Waveform 1	1	24.24776165	24.24776165	0	48000	6-C03-19-02	f	2019
107	Waveform 1	1	24.97716277	24.97716277	0	48000	6-C03-19-02	g	2019
108	Waveform 1	1	24.98352801	24.98352801	0	48000	6-C03-19-02	g	2019
109	Waveform 1	1	24.99148438	24.99148438	0	48000	6-C03-19-02	g	2019
110	Waveform 1	1	25.00166136	25.00166136	0	48000	6-C03-19-02	g	2019
111	Waveform 1	1	25.01015448	25.01015448	0	48000	6-C03-19-02	g	2019
112	Waveform 1	1	25.01811098	25.01811098	0	48000	6-C03-19-02	g	2019
113	Waveform 1	1	25.02908362	25.02908362	0	48000	6-C03-19-02	g	2019
114	Waveform 1	1	25.03594842	25.03594842	0	48000	6-C03-19-02	g	2019
115	Waveform 1	1	25.04438606	25.04438606	0	48000	6-C03-19-02	g	2019
116	Waveform 1	1	25.05509961	25.05509961	0	48000	6-C03-19-02	g	2019
117	Waveform 1	1	25.06185343	25.06185343	0	48000	6-C03-19-02	g	2019
118	Waveform 1	1	25.07047606	25.07047606	0	48000	6-C03-19-02	g	2019
119	Waveform 1	1	25.08094906	25.08094906	0	48000	6-C03-19-02	g	2019
120	Waveform 1	1	25.08775839	25.08775839	0	48000	6-C03-19-02	g	2019
121	Waveform 1	1	25.09651055	25.09651055	0	48000	6-C03-19-02	g	2019
122	Waveform 1	1	25.10661352	25.10661352	0	48000	6-C03-19-02	g	2019
123	Waveform 1	1	25.11629078	25.11629078	0	48000	6-C03-19-02	g	2019
124	Waveform 1	1	25.12778152	25.12778152	0	48000	6-C03-19-02	g	2019
125	Waveform 1	1	25.43899283	25.43899283	0	48000	6-C03-19-02	h	2019
126	Waveform 1	1	25.44528402	25.44528402	0	48000	6-C03-19-02	h	2019
127	Waveform 1	1	25.45329608	25.45329608	0	48000	6-C03-19-02	h	2019
128	Waveform 1	1	25.46362105	25.46362105	0	48000	6-C03-19-02	h	2019
129	Waveform 1	1	25.47142957	25.47142957	0	48000	6-C03-19-02	h	2019
130	Waveform 1	1	25.4794971	25.4794971	0	48000	6-C03-19-02	h	2019
131	Waveform 1	1	25.49034022	25.49034022	0	48000	6-C03-19-02	h	2019
132	Waveform 1	1	25.49709399	25.49709399	0	48000	6-C03-19-02	h	2019
133	Waveform 1	1	25.50549463	25.50549463	0	48000	6-C03-19-02	h	2019
134	Waveform 1	1	25.5163377	25.5163377	0	48000	6-C03-19-02	h	2019
135	Waveform 1	1	25.52298045	25.52298045	0	48000	6-C03-19-02	h	2019
136	Waveform 1	1	25.53158463	25.53158463	0	48000	6-C03-19-02	h	2019
137	Waveform 1	1	25.54198361	25.54198361	0	48000	6-C03-19-02	h	2019
138	Waveform 1	1	25.54877444	25.54877444	0	48000	6-C03-19-02	h	2019
139	Waveform 1	1	25.55741558	25.55741558	0	48000	6-C03-19-02	h	2019
140	Waveform 1	1	25.56751855	25.56751855	0	48000	6-C03-19-02	h	2019
141	Waveform 1	1	25.57490144	25.57490144	0	48000	6-C03-19-02	h	2019
142	Waveform 1	1	25.58387569	25.58387569	0	48000	6-C03-19-02	h	2019
143	Waveform 1	1	25.59370107	25.59370107	0	48000	6-C03-19-02	h	2019
144	Waveform 1	1	26.27589017	26.27589017	0	48000	6-C03-19-02	i	2019
145	Waveform 1	1	26.28231092	26.28231092	0	48000	6-C03-19-02	i	2019
146	Waveform 1	1	26.29026743	26.29026743	0	48000	6-C03-19-02	i	2019
147	Waveform 1	1	26.30057394	26.30057394	0	48000	6-C03-19-02	i	2019
148	Waveform 1	1	26.30877099	26.30877099	0	48000	6-C03-19-02	i	2019
149	Waveform 1	1	26.31676455	26.31676455	0	48000	6-C03-19-02	i	2019
150	Waveform 1	1	26.32753361	26.32753361	0	48000	6-C03-19-02	i	2019
151	Waveform 1	1	26.33450947	26.33450947	0	48000	6-C03-19-02	i	2019
152	Waveform 1	1	26.34292856	26.34292856	0	48000	6-C03-19-02	i	2019
153	Waveform 1	1	26.3536051	26.3536051	0	48000	6-C03-19-02	i	2019
154	Waveform 1	1	26.36030341	26.36030341	0	48000	6-C03-19-02	i	2019
155	Waveform 1	1	26.36894455	26.36894455	0	48000	6-C03-19-02	i	2019
156	Waveform 1	1	26.37932507	26.37932507	0	48000	6-C03-19-02	i	2019
157	Waveform 1	1	26.38626388	26.38626388	0	48000	6-C03-19-02	i	2019
158	Waveform 1	1	26.39481255	26.39481255	0	48000	6-C03-19-02	i	2019
159	Waveform 1	1	26.40495248	26.40495248	0	48000	6-C03-19-02	i	2019
160	Waveform 1	1	26.41403771	26.41403771	0	48000	6-C03-19-02	i	2019
161	Waveform 1	1	26.42406667	26.42406667	0	48000	6-C03-19-02	i	2019
162	Waveform 1	1	26.75446603	26.75446603	0	48000	6-C03-19-02	j	2019
163	Waveform 1	1	26.76079422	26.76079422	0	48000	6-C03-19-02	j	2019
164	Waveform 1	1	26.7688988	26.7688988	0	48000	6-C03-19-02	j	2019
165	Waveform 1	1	26.77929778	26.77929778	0	48000	6-C03-19-02	j	2019
166	Waveform 1	1	26.78697678	26.78697678	0	48000	6-C03-19-02	j	2019
167	Waveform 1	1	26.79521084	26.79521084	0	48000	6-C03-19-02	j	2019
168	Waveform 1	1	26.80614643	26.80614643	0	48000	6-C03-19-02	j	2019
169	Waveform 1	1	26.81284474	26.81284474	0	48000	6-C03-19-02	j	2019
170	Waveform 1	1	26.82131935	26.82131935	0	48000	6-C03-19-02	j	2019
171	Waveform 1	1	26.83229199	26.83229199	0	48000	6-C03-19-02	j	2019
172	Waveform 1	1	26.83893474	26.83893474	0	48000	6-C03-19-02	j	2019
173	Waveform 1	1	26.84752041	26.84752041	0	48000	6-C03-19-02	j	2019
174	Waveform 1	1	26.85799341	26.85799341	0	48000	6-C03-19-02	j	2019
175	Waveform 1	1	26.86495077	26.86495077	0	48000	6-C03-19-02	j	2019
176	Waveform 1	1	26.87383246	26.87383246	0	48000	6-C03-19-02	j	2019
177	Waveform 1	1	26.88395389	26.88395389	0	48000	6-C03-19-02	j	2019
178	Waveform 1	1	26.89139234	26.89139234	0	48000	6-C03-19-02	j	2019
179	Waveform 1	1	26.90055158	26.90055158	0	48000	6-C03-19-02	j	2019
180	Waveform 1	1	26.91018265	26.91018265	0	48000	6-C03-19-02	j	2019
