Selection	View	Channel	Begin Time (s)	End Time (s)	Low Freq (Hz)	High Freq (Hz)	file	syllable	year
1	Waveform 1	1	20.0552327	20.0552327	0	48000	8-C24-19-01	a	2019
2	Waveform 1	1	20.06203305	20.06203305	0	48000	8-C24-19-01	a	2019
3	Waveform 1	1	20.07036528	20.07036528	0	48000	8-C24-19-01	a	2019
4	Waveform 1	1	20.08096509	20.08096509	0	48000	8-C24-19-01	a	2019
5	Waveform 1	1	20.08939753	20.08939753	0	48000	8-C24-19-01	a	2019
6	Waveform 1	1	20.09775466	20.09775466	0	48000	8-C24-19-01	a	2019
7	Waveform 1	1	20.10923775	20.10923775	0	48000	8-C24-19-01	a	2019
8	Waveform 1	1	20.11737782	20.11737782	0	48000	8-C24-19-01	a	2019
9	Waveform 1	1	20.12600012	20.12600012	0	48000	8-C24-19-01	a	2019
10	Waveform 1	1	20.13771341	20.13771341	0	48000	8-C24-19-01	a	2019
11	Waveform 1	1	20.14588429	20.14588429	0	48000	8-C24-19-01	a	2019
12	Waveform 1	1	20.15511595	20.15511595	0	48000	8-C24-19-01	a	2019
13	Waveform 1	1	20.16733569	20.16733569	0	48000	8-C24-19-01	a	2019
14	Waveform 1	1	20.17732899	20.17732899	0	48000	8-C24-19-01	a	2019
15	Waveform 1	1	20.1899337	20.1899337	0	48000	8-C24-19-01	a	2019
16	Waveform 1	1	20.60524376	20.60524376	0	48000	8-C24-19-01	b	2019
17	Waveform 1	1	20.61196245	20.61196245	0	48000	8-C24-19-01	b	2019
18	Waveform 1	1	20.62015007	20.62015007	0	48000	8-C24-19-01	b	2019
19	Waveform 1	1	20.63078583	20.63078583	0	48000	8-C24-19-01	b	2019
20	Waveform 1	1	20.63930958	20.63930958	0	48000	8-C24-19-01	b	2019
21	Waveform 1	1	20.64743932	20.64743932	0	48000	8-C24-19-01	b	2019
22	Waveform 1	1	20.65850394	20.65850394	0	48000	8-C24-19-01	b	2019
23	Waveform 1	1	20.66729	20.66729	0	48000	8-C24-19-01	b	2019
24	Waveform 1	1	20.67536882	20.67536882	0	48000	8-C24-19-01	b	2019
25	Waveform 1	1	20.68660294	20.68660294	0	48000	8-C24-19-01	b	2019
26	Waveform 1	1	20.6954706	20.6954706	0	48000	8-C24-19-01	b	2019
27	Waveform 1	1	20.70395738	20.70395738	0	48000	8-C24-19-01	b	2019
28	Waveform 1	1	20.71524596	20.71524596	0	48000	8-C24-19-01	b	2019
29	Waveform 1	1	20.72435844	20.72435844	0	48000	8-C24-19-01	b	2019
30	Waveform 1	1	20.73366126	20.73366126	0	48000	8-C24-19-01	b	2019
31	Waveform 1	1	20.74620111	20.74620111	0	48000	8-C24-19-01	b	2019
32	Waveform 1	1	20.75863209	20.75863209	0	48000	8-C24-19-01	b	2019
33	Waveform 1	1	21.41505479	21.41505479	0	48000	8-C24-19-01	c	2019
34	Waveform 1	1	21.42193675	21.42193675	0	48000	8-C24-19-01	c	2019
35	Waveform 1	1	21.43028759	21.43028759	0	48000	8-C24-19-01	c	2019
36	Waveform 1	1	21.44105928	21.44105928	0	48000	8-C24-19-01	c	2019
37	Waveform 1	1	21.44932851	21.44932851	0	48000	8-C24-19-01	c	2019
38	Waveform 1	1	21.45783153	21.45783153	0	48000	8-C24-19-01	c	2019
39	Waveform 1	1	21.46917977	21.46917977	0	48000	8-C24-19-01	c	2019
40	Waveform 1	1	21.47725822	21.47725822	0	48000	8-C24-19-01	c	2019
41	Waveform 1	1	21.48556744	21.48556744	0	48000	8-C24-19-01	c	2019
42	Waveform 1	1	21.49691573	21.49691573	0	48000	8-C24-19-01	c	2019
43	Waveform 1	1	21.505475	21.505475	0	48000	8-C24-19-01	c	2019
44	Waveform 1	1	21.51413048	21.51413048	0	48000	8-C24-19-01	c	2019
45	Waveform 1	1	21.52584422	21.52584422	0	48000	8-C24-19-01	c	2019
46	Waveform 1	1	21.53617304	21.53617304	0	48000	8-C24-19-01	c	2019
47	Waveform 1	1	21.54667502	21.54667502	0	48000	8-C24-19-01	c	2019
48	Waveform 1	1	21.95919438	21.95919438	0	48000	8-C24-19-01	d	2019
49	Waveform 1	1	21.96590703	21.96590703	0	48000	8-C24-19-01	d	2019
50	Waveform 1	1	21.97410084	21.97412007	0	48000	8-C24-19-01	d	2019
51	Waveform 1	1	21.98473746	21.98473746	0	48000	8-C24-19-01	d	2019
52	Waveform 1	1	21.99287357	21.99287357	0	48000	8-C24-19-01	d	2019
53	Waveform 1	1	22.00120207	22.00120207	0	48000	8-C24-19-01	d	2019
54	Waveform 1	1	22.01245419	22.01245419	0	48000	8-C24-19-01	d	2019
55	Waveform 1	1	22.02055183	22.02055183	0	48000	8-C24-19-01	d	2019
56	Waveform 1	1	22.02893804	22.02893804	0	48000	8-C24-19-01	d	2019
57	Waveform 1	1	22.04043518	22.04043518	0	48000	8-C24-19-01	d	2019
58	Waveform 1	1	22.04844167	22.04844167	0	48000	8-C24-19-01	d	2019
59	Waveform 1	1	22.05723175	22.05723175	0	48000	8-C24-19-01	d	2019
60	Waveform 1	1	22.06865697	22.06865697	0	48000	8-C24-19-01	d	2019
61	Waveform 1	1	22.07696624	22.07696624	0	48000	8-C24-19-01	d	2019
62	Waveform 1	1	22.08610254	22.08610254	0	48000	8-C24-19-01	d	2019
63	Waveform 1	1	22.09877799	22.09877799	0	48000	8-C24-19-01	d	2019
64	Waveform 1	1	22.11193431	22.11193431	0	48000	8-C24-19-01	d	2019
65	Waveform 1	1	22.68254075	22.68254075	0	48000	8-C24-19-01	e	2019
66	Waveform 1	1	22.68934969	22.68934969	0	48000	8-C24-19-01	e	2019
67	Waveform 1	1	22.6977936	22.6977936	0	48000	8-C24-19-01	e	2019
68	Waveform 1	1	22.70844941	22.70844941	0	48000	8-C24-19-01	e	2019
69	Waveform 1	1	22.71652786	22.71652786	0	48000	8-C24-19-01	e	2019
70	Waveform 1	1	22.7249333	22.7249333	0	48000	8-C24-19-01	e	2019
71	Waveform 1	1	22.73616614	22.73616614	0	48000	8-C24-19-01	e	2019
72	Waveform 1	1	22.74470622	22.74470622	0	48000	8-C24-19-01	e	2019
73	Waveform 1	1	22.75324625	22.75324625	0	48000	8-C24-19-01	e	2019
74	Waveform 1	1	22.76478688	22.76478688	0	48000	8-C24-19-01	e	2019
75	Waveform 1	1	22.77296146	22.77296146	0	48000	8-C24-19-01	e	2019
76	Waveform 1	1	22.78155924	22.78155924	0	48000	8-C24-19-01	e	2019
77	Waveform 1	1	22.79340762	22.79340762	0	48000	8-C24-19-01	e	2019
78	Waveform 1	1	22.80290937	22.80290937	0	48000	8-C24-19-01	e	2019
79	Waveform 1	1	22.81298819	22.81298819	0	48000	8-C24-19-01	e	2019
80	Waveform 1	1	23.22770026	23.22770026	0	48000	8-C24-19-01	f	2019
81	Waveform 1	1	23.23441308	23.23441308	0	48000	8-C24-19-01	f	2019
82	Waveform 1	1	23.24285694	23.24285694	0	48000	8-C24-19-01	f	2019
83	Waveform 1	1	23.25351279	23.25351279	0	48000	8-C24-19-01	f	2019
84	Waveform 1	1	23.26161048	23.26161048	0	48000	8-C24-19-01	f	2019
85	Waveform 1	1	23.27001587	23.27001587	0	48000	8-C24-19-01	f	2019
86	Waveform 1	1	23.28122952	23.28122952	0	48000	8-C24-19-01	f	2019
87	Waveform 1	1	23.28951951	23.28951951	0	48000	8-C24-19-01	f	2019
88	Waveform 1	1	23.29779031	23.29779031	0	48000	8-C24-19-01	f	2019
89	Waveform 1	1	23.30894621	23.30894621	0	48000	8-C24-19-01	f	2019
90	Waveform 1	1	23.31685179	23.31685179	0	48000	8-C24-19-01	f	2019
91	Waveform 1	1	23.32535312	23.32535312	0	48000	8-C24-19-01	f	2019
92	Waveform 1	1	23.336586	23.336586	0	48000	8-C24-19-01	f	2019
93	Waveform 1	1	23.34575584	23.34575584	0	48000	8-C24-19-01	f	2019
94	Waveform 1	1	23.35474323	23.35474323	0	48000	8-C24-19-01	f	2019
95	Waveform 1	1	23.36720711	23.36720711	0	48000	8-C24-19-01	f	2019
96	Waveform 1	1	23.37912746	23.37912746	0	48000	8-C24-19-01	f	2019
97	Waveform 1	1	23.99141764	23.99141764	0	48000	8-C24-19-01	g	2019
98	Waveform 1	1	23.99815749	23.99815749	0	48000	8-C24-19-01	g	2019
99	Waveform 1	1	24.00650725	24.00650725	0	48000	8-C24-19-01	g	2019
100	Waveform 1	1	24.01714916	24.01714916	0	48000	8-C24-19-01	g	2019
101	Waveform 1	1	24.0253625	24.0253625	0	48000	8-C24-19-01	g	2019
102	Waveform 1	1	24.03387598	24.03387598	0	48000	8-C24-19-01	g	2019
103	Waveform 1	1	24.04487262	24.04487262	0	48000	8-C24-19-01	g	2019
104	Waveform 1	1	24.0536044	24.0536044	0	48000	8-C24-19-01	g	2019
105	Waveform 1	1	24.06200879	24.06200879	0	48000	8-C24-19-01	g	2019
106	Waveform 1	1	24.07305995	24.07305995	0	48000	8-C24-19-01	g	2019
107	Waveform 1	1	24.08184631	24.08184631	0	48000	8-C24-19-01	g	2019
108	Waveform 1	1	24.09076915	24.09076915	0	48000	8-C24-19-01	g	2019
109	Waveform 1	1	24.10263892	24.10263892	0	48000	8-C24-19-01	g	2019
110	Waveform 1	1	24.11205292	24.11205292	0	48000	8-C24-19-01	g	2019
111	Waveform 1	1	24.1224492	24.1224492	0	48000	8-C24-19-01	g	2019
112	Waveform 1	1	24.53448105	24.53448105	0	48000	8-C24-19-01	h	2019
113	Waveform 1	1	24.54102989	24.54102989	0	48000	8-C24-19-01	h	2019
114	Waveform 1	1	24.54929785	24.54929785	0	48000	8-C24-19-01	h	2019
115	Waveform 1	1	24.56004885	24.56004885	0	48000	8-C24-19-01	h	2019
116	Waveform 1	1	24.56815304	24.56815304	0	48000	8-C24-19-01	h	2019
117	Waveform 1	1	24.57653014	24.57653014	0	48000	8-C24-19-01	h	2019
118	Waveform 1	1	24.58763588	24.58763588	0	48000	8-C24-19-01	h	2019
119	Waveform 1	1	24.59601298	24.59601298	0	48000	8-C24-19-01	h	2019
120	Waveform 1	1	24.60428088	24.60428088	0	48000	8-C24-19-01	h	2019
121	Waveform 1	1	24.61535938	24.61535938	0	48000	8-C24-19-01	h	2019
122	Waveform 1	1	24.62349085	24.62349085	0	48000	8-C24-19-01	h	2019
123	Waveform 1	1	24.63170419	24.63170419	0	48000	8-C24-19-01	h	2019
124	Waveform 1	1	24.64302827	24.64302827	0	48000	8-C24-19-01	h	2019
125	Waveform 1	1	24.65214206	24.65214206	0	48000	8-C24-19-01	h	2019
126	Waveform 1	1	24.66109219	24.66109219	0	48000	8-C24-19-01	h	2019
127	Waveform 1	1	24.6732894	24.6732894	0	48000	8-C24-19-01	h	2019
128	Waveform 1	1	24.68330371	24.68330371	0	48000	8-C24-19-01	h	2019
129	Waveform 1	1	24.69716541	24.69716541	0	48000	8-C24-19-01	h	2019
130	Waveform 1	1	25.28604345	25.28604345	0	48000	8-C24-19-01	i	2019
131	Waveform 1	1	25.2928652	25.2928652	0	48000	8-C24-19-01	i	2019
132	Waveform 1	1	25.30121497	25.30121497	0	48000	8-C24-19-01	i	2019
133	Waveform 1	1	25.31185688	25.31185688	0	48000	8-C24-19-01	i	2019
134	Waveform 1	1	25.32007021	25.32007021	0	48000	8-C24-19-01	i	2019
135	Waveform 1	1	25.32855641	25.32855641	0	48000	8-C24-19-01	i	2019
136	Waveform 1	1	25.33968948	25.33968948	0	48000	8-C24-19-01	i	2019
137	Waveform 1	1	25.34790281	25.34790281	0	48000	8-C24-19-01	i	2019
138	Waveform 1	1	25.35622529	25.35622529	0	48000	8-C24-19-01	i	2019
139	Waveform 1	1	25.3674948	25.3674948	0	48000	8-C24-19-01	i	2019
140	Waveform 1	1	25.37617201	25.37617201	0	48000	8-C24-19-01	i	2019
141	Waveform 1	1	25.38506756	25.38506756	0	48000	8-C24-19-01	i	2019
142	Waveform 1	1	25.39674632	25.39674632	0	48000	8-C24-19-01	i	2019
143	Waveform 1	1	25.40561458	25.40561458	0	48000	8-C24-19-01	i	2019
144	Waveform 1	1	25.41562885	25.41562885	0	48000	8-C24-19-01	i	2019
145	Waveform 1	1	25.43142797	25.43142797	0	48000	8-C24-19-01	i	2019
146	Waveform 1	1	25.83085326	25.83085326	0	48000	8-C24-19-01	j	2019
147	Waveform 1	1	25.83762039	25.83762039	0	48000	8-C24-19-01	j	2019
148	Waveform 1	1	25.84597021	25.84597021	0	48000	8-C24-19-01	j	2019
149	Waveform 1	1	25.85661207	25.85661207	0	48000	8-C24-19-01	j	2019
150	Waveform 1	1	25.86447072	25.86447072	0	48000	8-C24-19-01	j	2019
151	Waveform 1	1	25.8732025	25.8732025	0	48000	8-C24-19-01	j	2019
152	Waveform 1	1	25.88417181	25.88417181	0	48000	8-C24-19-01	j	2019
153	Waveform 1	1	25.8919486	25.8919486	0	48000	8-C24-19-01	j	2019
154	Waveform 1	1	25.90078953	25.90078953	0	48000	8-C24-19-01	j	2019
155	Waveform 1	1	25.91184074	25.91184074	0	48000	8-C24-19-01	j	2019
156	Waveform 1	1	25.92002678	25.92002678	0	48000	8-C24-19-01	j	2019
157	Waveform 1	1	25.92821283	25.92821283	0	48000	8-C24-19-01	j	2019
158	Waveform 1	1	25.93980978	25.93980978	0	48000	8-C24-19-01	j	2019
159	Waveform 1	1	25.94870528	25.94870528	0	48000	8-C24-19-01	j	2019
160	Waveform 1	1	25.95762812	25.95762812	0	48000	8-C24-19-01	j	2019
161	Waveform 1	1	25.9700982	25.97012548	0	48000	8-C24-19-01	j	2019
162	Waveform 1	1	25.981777	25.981777	0	48000	8-C24-19-01	j	2019
