Selection	View	Channel	Begin Time (s)	End Time (s)	Low Freq (Hz)	High Freq (Hz)	file	syllable	year
1	Waveform 1	2	20.649219480	20.649219480	0.000	48000.000	1-ZOOM0001	a	2022
2	Waveform 1	2	20.657574844	20.657574844	0.000	48000.000	1-ZOOM0001	a	2022
3	Waveform 1	2	20.666084256	20.666084256	0.000	48000.000	1-ZOOM0001	a	2022
4	Waveform 1	2	20.676409413	20.676409413	0.000	48000.000	1-ZOOM0001	a	2022
5	Waveform 1	2	20.684372569	20.684372569	0.000	48000.000	1-ZOOM0001	a	2022
6	Waveform 1	2	20.695182440	20.695182440	0.000	48000.000	1-ZOOM0001	a	2022
7	Waveform 1	2	20.702260792	20.702260792	0.000	48000.000	1-ZOOM0001	a	2022
8	Waveform 1	2	20.712562876	20.712562876	0.000	48000.000	1-ZOOM0001	a	2022
9	Waveform 1	2	20.720002840	20.720002840	0.000	48000.000	1-ZOOM0001	a	2022
10	Waveform 1	2	20.730528046	20.730528046	0.000	48000.000	1-ZOOM0001	a	2022
11	Waveform 1	2	20.739391376	20.739391376	0.000	48000.000	1-ZOOM0001	a	2022
12	Waveform 1	2	20.749308767	20.749308767	0.000	48000.000	1-ZOOM0001	a	2022
13	Waveform 1	2	20.761180392	20.761180392	0.000	48000.000	1-ZOOM0001	a	2022
14	Waveform 1	2	20.770966986	20.770966986	0.000	48000.000	1-ZOOM0001	a	2022
15	Waveform 1	2	20.783777263	20.783777263	0.000	48000.000	1-ZOOM0001	a	2022
16	Waveform 1	2	21.203454275	21.203454275	0.000	48000.000	1-ZOOM0001	b	2022
17	Waveform 1	2	21.210432607	21.210432607	0.000	48000.000	1-ZOOM0001	b	2022
18	Waveform 1	2	21.219042040	21.219042040	0.000	48000.000	1-ZOOM0001	b	2022
19	Waveform 1	2	21.229567246	21.229567246	0.000	48000.000	1-ZOOM0001	b	2022
20	Waveform 1	2	21.237284189	21.237284189	0.000	48000.000	1-ZOOM0001	b	2022
21	Waveform 1	2	21.248286415	21.248286415	0.000	48000.000	1-ZOOM0001	b	2022
22	Waveform 1	2	21.255195502	21.255195502	0.000	48000.000	1-ZOOM0001	b	2022
23	Waveform 1	2	21.265666851	21.265666851	0.000	48000.000	1-ZOOM0001	b	2022
24	Waveform 1	2	21.273737713	21.273737713	0.000	48000.000	1-ZOOM0001	b	2022
25	Waveform 1	2	21.284155205	21.284155205	0.000	48000.000	1-ZOOM0001	b	2022
26	Waveform 1	2	21.294118750	21.294118750	0.000	48000.000	1-ZOOM0001	b	2022
27	Waveform 1	2	21.303189815	21.303189815	0.000	48000.000	1-ZOOM0001	b	2022
28	Waveform 1	2	21.315307652	21.315307652	0.000	48000.000	1-ZOOM0001	b	2022
29	Waveform 1	2	21.325317369	21.325317369	0.000	48000.000	1-ZOOM0001	b	2022
30	Waveform 1	2	21.338720074	21.338720074	0.000	48000.000	1-ZOOM0001	b	2022
31	Waveform 1	2	21.849946183	21.849946183	0.000	48000.000	1-ZOOM0001	c	2022
32	Waveform 1	2	21.857047626	21.857047626	0.000	48000.000	1-ZOOM0001	c	2022
33	Waveform 1	2	21.865864793	21.865864793	0.000	48000.000	1-ZOOM0001	c	2022
34	Waveform 1	2	21.876674664	21.876674664	0.000	48000.000	1-ZOOM0001	c	2022
35	Waveform 1	2	21.884314668	21.884314668	0.000	48000.000	1-ZOOM0001	c	2022
36	Waveform 1	2	21.895278425	21.895278425	0.000	48000.000	1-ZOOM0001	c	2022
37	Waveform 1	2	21.902054666	21.902054666	0.000	48000.000	1-ZOOM0001	c	2022
38	Waveform 1	2	21.912588674	21.912588674	0.000	48000.000	1-ZOOM0001	c	2022
39	Waveform 1	2	21.920689754	21.920689754	0.000	48000.000	1-ZOOM0001	c	2022
40	Waveform 1	2	21.930593990	21.930593990	0.000	48000.000	1-ZOOM0001	c	2022
41	Waveform 1	2	21.940955476	21.940955476	0.000	48000.000	1-ZOOM0001	c	2022
42	Waveform 1	2	21.949341296	21.949341296	0.000	48000.000	1-ZOOM0001	c	2022
43	Waveform 1	2	21.960988284	21.960988284	0.000	48000.000	1-ZOOM0001	c	2022
44	Waveform 1	2	21.970754482	21.970754482	0.000	48000.000	1-ZOOM0001	c	2022
45	Waveform 1	2	21.983402164	21.983402164	0.000	48000.000	1-ZOOM0001	c	2022
46	Waveform 1	2	22.320341205	22.320341205	0.000	48000.000	1-ZOOM0001	d	2022
47	Waveform 1	2	22.328954522	22.328954522	0.000	48000.000	1-ZOOM0001	d	2022
48	Waveform 1	2	22.337547399	22.337547399	0.000	48000.000	1-ZOOM0001	d	2022
49	Waveform 1	2	22.348633583	22.348633583	0.000	48000.000	1-ZOOM0001	d	2022
50	Waveform 1	2	22.356208431	22.356208431	0.000	48000.000	1-ZOOM0001	d	2022
51	Waveform 1	2	22.367191087	22.367191087	0.000	48000.000	1-ZOOM0001	d	2022
52	Waveform 1	2	22.374015355	22.374015355	0.000	48000.000	1-ZOOM0001	d	2022
53	Waveform 1	2	22.383885082	22.383885082	0.000	48000.000	1-ZOOM0001	d	2022
54	Waveform 1	2	22.393495987	22.393495987	0.000	48000.000	1-ZOOM0001	d	2022
55	Waveform 1	2	22.402175138	22.402175138	0.000	48000.000	1-ZOOM0001	d	2022
56	Waveform 1	2	22.413727145	22.413727145	0.000	48000.000	1-ZOOM0001	d	2022
57	Waveform 1	2	22.421518602	22.421518602	0.000	48000.000	1-ZOOM0001	d	2022
58	Waveform 1	2	22.432983466	22.432983466	0.000	48000.000	1-ZOOM0001	d	2022
59	Waveform 1	2	22.441930064	22.441930064	0.000	48000.000	1-ZOOM0001	d	2022
60	Waveform 1	2	22.452653899	22.452653899	0.000	48000.000	1-ZOOM0001	d	2022
61	Waveform 1	2	23.046005400	23.046005400	0.000	48000.000	1-ZOOM0001	e	2022
62	Waveform 1	2	23.053202806	23.053202806	0.000	48000.000	1-ZOOM0001	e	2022
63	Waveform 1	2	23.062082298	23.062082298	0.000	48000.000	1-ZOOM0001	e	2022
64	Waveform 1	2	23.073013110	23.073013110	0.000	48000.000	1-ZOOM0001	e	2022
65	Waveform 1	2	23.081010390	23.081010390	0.000	48000.000	1-ZOOM0001	e	2022
66	Waveform 1	2	23.092206584	23.092206584	0.000	48000.000	1-ZOOM0001	e	2022
67	Waveform 1	2	23.099013238	23.099013238	0.000	48000.000	1-ZOOM0001	e	2022
68	Waveform 1	2	23.109298529	23.109298529	0.000	48000.000	1-ZOOM0001	e	2022
69	Waveform 1	2	23.117331672	23.117331672	0.000	48000.000	1-ZOOM0001	e	2022
70	Waveform 1	2	23.127179445	23.127179445	0.000	48000.000	1-ZOOM0001	e	2022
71	Waveform 1	2	23.138311087	23.138311087	0.000	48000.000	1-ZOOM0001	e	2022
72	Waveform 1	2	23.146824784	23.146824784	0.000	48000.000	1-ZOOM0001	e	2022
73	Waveform 1	2	23.158659324	23.158659324	0.000	48000.000	1-ZOOM0001	e	2022
74	Waveform 1	2	23.168535787	23.168535787	0.000	48000.000	1-ZOOM0001	e	2022
75	Waveform 1	2	23.180829364	23.180829364	0.000	48000.000	1-ZOOM0001	e	2022
76	Waveform 1	2	23.492784265	23.492784265	0.000	48000.000	1-ZOOM0001	f	2022
77	Waveform 1	2	23.500103600	23.500103600	0.000	48000.000	1-ZOOM0001	f	2022
78	Waveform 1	2	23.508832471	23.508832471	0.000	48000.000	1-ZOOM0001	f	2022
79	Waveform 1	2	23.519799146	23.519799146	0.000	48000.000	1-ZOOM0001	f	2022
80	Waveform 1	2	23.527265664	23.527265664	0.000	48000.000	1-ZOOM0001	f	2022
81	Waveform 1	2	23.538182132	23.538182132	0.000	48000.000	1-ZOOM0001	f	2022
82	Waveform 1	2	23.544917062	23.544917062	0.000	48000.000	1-ZOOM0001	f	2022
83	Waveform 1	2	23.554915456	23.554915456	0.000	48000.000	1-ZOOM0001	f	2022
84	Waveform 1	2	23.564928196	23.564928196	0.000	48000.000	1-ZOOM0001	f	2022
85	Waveform 1	2	23.573162167	23.573162167	0.000	48000.000	1-ZOOM0001	f	2022
86	Waveform 1	2	23.584803051	23.584803051	0.000	48000.000	1-ZOOM0001	f	2022
87	Waveform 1	2	23.592420192	23.592420192	0.000	48000.000	1-ZOOM0001	f	2022
88	Waveform 1	2	23.604082595	23.604082595	0.000	48000.000	1-ZOOM0001	f	2022
89	Waveform 1	2	23.612797121	23.612797121	0.000	48000.000	1-ZOOM0001	f	2022
90	Waveform 1	2	23.623943106	23.623943106	0.000	48000.000	1-ZOOM0001	f	2022
91	Waveform 1	2	24.211246789	24.211246789	0.000	48000.000	1-ZOOM0001	g	2022
92	Waveform 1	2	24.220375065	24.220375065	0.000	48000.000	1-ZOOM0001	g	2022
93	Waveform 1	2	24.228680761	24.228680761	0.000	48000.000	1-ZOOM0001	g	2022
94	Waveform 1	2	24.239711989	24.239711989	0.000	48000.000	1-ZOOM0001	g	2022
95	Waveform 1	2	24.247185681	24.247185681	0.000	48000.000	1-ZOOM0001	g	2022
96	Waveform 1	2	24.258023250	24.258023250	0.000	48000.000	1-ZOOM0001	g	2022
97	Waveform 1	2	24.265123975	24.265123975	0.000	48000.000	1-ZOOM0001	g	2022
98	Waveform 1	2	24.275222783	24.275222783	0.000	48000.000	1-ZOOM0001	g	2022
99	Waveform 1	2	24.284453726	24.284453726	0.000	48000.000	1-ZOOM0001	g	2022
100	Waveform 1	2	24.293677496	24.293677496	0.000	48000.000	1-ZOOM0001	g	2022
101	Waveform 1	2	24.304852170	24.304852170	0.000	48000.000	1-ZOOM0001	g	2022
102	Waveform 1	2	24.313007245	24.313007245	0.000	48000.000	1-ZOOM0001	g	2022
103	Waveform 1	2	24.324511854	24.324511854	0.000	48000.000	1-ZOOM0001	g	2022
104	Waveform 1	2	24.333943625	24.333943625	0.000	48000.000	1-ZOOM0001	g	2022
105	Waveform 1	2	24.345864235	24.345864235	0.000	48000.000	1-ZOOM0001	g	2022
106	Waveform 1	2	24.662278386	24.662278386	0.000	48000.000	1-ZOOM0001	h	2022
107	Waveform 1	2	24.670704345	24.670704345	0.000	48000.000	1-ZOOM0001	h	2022
108	Waveform 1	2	24.679634013	24.679634013	0.000	48000.000	1-ZOOM0001	h	2022
109	Waveform 1	2	24.690493102	24.690493102	0.000	48000.000	1-ZOOM0001	h	2022
110	Waveform 1	2	24.697873552	24.697873552	0.000	48000.000	1-ZOOM0001	h	2022
111	Waveform 1	2	24.708840226	24.708840226	0.000	48000.000	1-ZOOM0001	h	2022
112	Waveform 1	2	24.715331292	24.715331292	0.000	48000.000	1-ZOOM0001	h	2022
113	Waveform 1	2	24.725437273	24.725437273	0.000	48000.000	1-ZOOM0001	h	2022
114	Waveform 1	2	24.735134425	24.735134425	0.000	48000.000	1-ZOOM0001	h	2022
115	Waveform 1	2	24.743332534	24.743332534	0.000	48000.000	1-ZOOM0001	h	2022
116	Waveform 1	2	24.755138384	24.755138384	0.000	48000.000	1-ZOOM0001	h	2022
117	Waveform 1	2	24.762540297	24.762540297	0.000	48000.000	1-ZOOM0001	h	2022
118	Waveform 1	2	24.774016217	24.774016217	0.000	48000.000	1-ZOOM0001	h	2022
119	Waveform 1	2	24.782996123	24.782996123	0.000	48000.000	1-ZOOM0001	h	2022
120	Waveform 1	2	24.793905417	24.793905417	0.000	48000.000	1-ZOOM0001	h	2022
121	Waveform 1	2	24.807181620	24.807181620	0.000	48000.000	1-ZOOM0001	h	2022
122	Waveform 1	2	25.393441459	25.393441459	0.000	48000.000	1-ZOOM0001	i	2022
123	Waveform 1	2	25.401841931	25.401841931	0.000	48000.000	1-ZOOM0001	i	2022
124	Waveform 1	2	25.410728596	25.410728596	0.000	48000.000	1-ZOOM0001	i	2022
125	Waveform 1	2	25.421831526	25.421831526	0.000	48000.000	1-ZOOM0001	i	2022
126	Waveform 1	2	25.429290873	25.429290873	0.000	48000.000	1-ZOOM0001	i	2022
127	Waveform 1	2	25.440035200	25.440035200	0.000	48000.000	1-ZOOM0001	i	2022
128	Waveform 1	2	25.446949441	25.446949441	0.000	48000.000	1-ZOOM0001	i	2022
129	Waveform 1	2	25.457019560	25.457019560	0.000	48000.000	1-ZOOM0001	i	2022
130	Waveform 1	2	25.466817072	25.466817072	0.000	48000.000	1-ZOOM0001	i	2022
131	Waveform 1	2	25.475531638	25.475531638	0.000	48000.000	1-ZOOM0001	i	2022
132	Waveform 1	2	25.487559836	25.487559836	0.000	48000.000	1-ZOOM0001	i	2022
133	Waveform 1	2	25.495908567	25.495908567	0.000	48000.000	1-ZOOM0001	i	2022
134	Waveform 1	2	25.506903931	25.506903931	0.000	48000.000	1-ZOOM0001	i	2022
135	Waveform 1	2	25.516536530	25.516536530	0.000	48000.000	1-ZOOM0001	i	2022
136	Waveform 1	2	25.528414107	25.528414107	0.000	48000.000	1-ZOOM0001	i	2022
137	Waveform 1	2	25.856366962	25.856366962	0.000	48000.000	1-ZOOM0001	j	2022
138	Waveform 1	2	25.864988289	25.864988289	0.000	48000.000	1-ZOOM0001	j	2022
139	Waveform 1	2	25.874061437	25.874061437	0.000	48000.000	1-ZOOM0001	j	2022
140	Waveform 1	2	25.884927698	25.884927698	0.000	48000.000	1-ZOOM0001	j	2022
141	Waveform 1	2	25.892336838	25.892336838	0.000	48000.000	1-ZOOM0001	j	2022
142	Waveform 1	2	25.903468478	25.903468478	0.000	48000.000	1-ZOOM0001	j	2022
143	Waveform 1	2	25.909880647	25.909880647	0.000	48000.000	1-ZOOM0001	j	2022
144	Waveform 1	2	25.920546080	25.920546080	0.000	48000.000	1-ZOOM0001	j	2022
145	Waveform 1	2	25.929418345	25.929418345	0.000	48000.000	1-ZOOM0001	j	2022
146	Waveform 1	2	25.938634942	25.938634942	0.000	48000.000	1-ZOOM0001	j	2022
147	Waveform 1	2	25.950024791	25.950024791	0.000	48000.000	1-ZOOM0001	j	2022
148	Waveform 1	2	25.957670621	25.957670621	0.000	48000.000	1-ZOOM0001	j	2022
149	Waveform 1	2	25.969232610	25.969232610	0.000	48000.000	1-ZOOM0001	j	2022
150	Waveform 1	2	25.978621346	25.978621346	0.000	48000.000	1-ZOOM0001	j	2022
151	Waveform 1	2	25.989523468	25.989523468	0.000	48000.000	1-ZOOM0001	j	2022
