Selection	View	Channel	Begin Time (s)	End Time (s)	Low Freq (Hz)	High Freq (Hz)	file	syllable	year
1	Waveform 1	2	0.342104486	0.342104486	0.0	48000.0	1-ZOOM0014	a	2022
2	Waveform 1	2	0.349346898	0.349346898	0.0	48000.0	1-ZOOM0014	a	2022
3	Waveform 1	2	0.357305279	0.357305279	0.0	48000.0	1-ZOOM0014	a	2022
4	Waveform 1	2	0.368926175	0.368926175	0.0	48000.0	1-ZOOM0014	a	2022
5	Waveform 1	2	0.376976351	0.376976351	0.0	48000.0	1-ZOOM0014	a	2022
6	Waveform 1	2	0.385586461	0.385586461	0.0	48000.0	1-ZOOM0014	a	2022
7	Waveform 1	2	0.397960054	0.397960054	0.0	48000.0	1-ZOOM0014	a	2022
8	Waveform 1	2	0.405092307	0.405092307	0.0	48000.0	1-ZOOM0014	a	2022
9	Waveform 1	2	0.414932433	0.414932433	0.0	48000.0	1-ZOOM0014	a	2022
10	Waveform 1	2	0.424625692	0.424625692	0.0	48000.0	1-ZOOM0014	a	2022
11	Waveform 1	2	0.432226086	0.432226086	0.0	48000.0	1-ZOOM0014	a	2022
12	Waveform 1	2	0.443103465	0.443103465	0.0	48000.0	1-ZOOM0014	a	2022
13	Waveform 1	2	0.450052133	0.450052133	0.0	48000.0	1-ZOOM0014	a	2022
14	Waveform 1	2	0.459240542	0.459240542	0.0	48000.0	1-ZOOM0014	a	2022
15	Waveform 1	2	0.469420292	0.469420292	0.0	48000.0	1-ZOOM0014	a	2022
16	Waveform 1	2	0.479003407	0.479003407	0.0	48000.0	1-ZOOM0014	a	2022
17	Waveform 1	2	0.490183693	0.490183693	0.0	48000.0	1-ZOOM0014	a	2022
18	Waveform 1	2	0.838434102	0.838434102	0.0	48000.0	1-ZOOM0014	b	2022
19	Waveform 1	2	0.845391958	0.845391958	0.0	48000.0	1-ZOOM0014	b	2022
20	Waveform 1	2	0.853166757	0.853166757	0.0	48000.0	1-ZOOM0014	b	2022
21	Waveform 1	2	0.864714220	0.864714220	0.0	48000.0	1-ZOOM0014	b	2022
22	Waveform 1	2	0.872553274	0.872553274	0.0	48000.0	1-ZOOM0014	b	2022
23	Waveform 1	2	0.881402043	0.881402043	0.0	48000.0	1-ZOOM0014	b	2022
24	Waveform 1	2	0.893784816	0.893784816	0.0	48000.0	1-ZOOM0014	b	2022
25	Waveform 1	2	0.900770202	0.900770202	0.0	48000.0	1-ZOOM0014	b	2022
26	Waveform 1	2	0.910610328	0.910610328	0.0	48000.0	1-ZOOM0014	b	2022
27	Waveform 1	2	0.919706936	0.919706936	0.0	48000.0	1-ZOOM0014	b	2022
28	Waveform 1	2	0.927270613	0.927270613	0.0	48000.0	1-ZOOM0014	b	2022
29	Waveform 1	2	0.938294860	0.938294860	0.0	48000.0	1-ZOOM0014	b	2022
30	Waveform 1	2	0.944949801	0.944949801	0.0	48000.0	1-ZOOM0014	b	2022
31	Waveform 1	2	0.954101485	0.954101485	0.0	48000.0	1-ZOOM0014	b	2022
32	Waveform 1	2	0.964529081	0.964529081	0.0	48000.0	1-ZOOM0014	b	2022
33	Waveform 1	2	0.972845455	0.972845455	0.0	48000.0	1-ZOOM0014	b	2022
34	Waveform 1	2	0.983401561	0.983401561	0.0	48000.0	1-ZOOM0014	b	2022
35	Waveform 1	2	0.994269761	0.994269761	0.0	48000.0	1-ZOOM0014	b	2022
36	Waveform 1	2	1.444014823	1.444014823	0.0	48000.0	1-ZOOM0014	c	2022
37	Waveform 1	2	1.450862528	1.450862528	0.0	48000.0	1-ZOOM0014	c	2022
38	Waveform 1	2	1.458517997	1.458517997	0.0	48000.0	1-ZOOM0014	c	2022
39	Waveform 1	2	1.469881876	1.469881876	0.0	48000.0	1-ZOOM0014	c	2022
40	Waveform 1	2	1.479666926	1.479666926	0.0	48000.0	1-ZOOM0014	c	2022
41	Waveform 1	2	1.488221960	1.488221960	0.0	48000.0	1-ZOOM0014	c	2022
42	Waveform 1	2	1.500843393	1.500843393	0.0	48000.0	1-ZOOM0014	c	2022
43	Waveform 1	2	1.507929750	1.507929750	0.0	48000.0	1-ZOOM0014	c	2022
44	Waveform 1	2	1.517622999	1.517622999	0.0	48000.0	1-ZOOM0014	c	2022
45	Waveform 1	2	1.528059775	1.528059775	0.0	48000.0	1-ZOOM0014	c	2022
46	Waveform 1	2	1.535678528	1.535678528	0.0	48000.0	1-ZOOM0014	c	2022
47	Waveform 1	2	1.546537548	1.546537548	0.0	48000.0	1-ZOOM0014	c	2022
48	Waveform 1	2	1.553522934	1.553522934	0.0	48000.0	1-ZOOM0014	c	2022
49	Waveform 1	2	1.563032616	1.563032616	0.0	48000.0	1-ZOOM0014	c	2022
50	Waveform 1	2	1.574102750	1.574102750	0.0	48000.0	1-ZOOM0014	c	2022
51	Waveform 1	2	1.584245791	1.584245791	0.0	48000.0	1-ZOOM0014	c	2022
52	Waveform 1	2	1.596307291	1.596307291	0.0	48000.0	1-ZOOM0014	c	2022
53	Waveform 1	2	1.920040092	1.920040092	0.0	48000.0	1-ZOOM0014	d	2022
54	Waveform 1	2	1.927355938	1.927355938	0.0	48000.0	1-ZOOM0014	d	2022
55	Waveform 1	2	1.935268426	1.935268426	0.0	48000.0	1-ZOOM0014	d	2022
56	Waveform 1	2	1.946861784	1.946861784	0.0	48000.0	1-ZOOM0014	d	2022
57	Waveform 1	2	1.953929783	1.953929783	0.0	48000.0	1-ZOOM0014	d	2022
58	Waveform 1	2	1.962650043	1.962650043	0.0	48000.0	1-ZOOM0014	d	2022
59	Waveform 1	2	1.975161325	1.975161325	0.0	48000.0	1-ZOOM0014	d	2022
60	Waveform 1	2	1.982220145	1.982220145	0.0	48000.0	1-ZOOM0014	d	2022
61	Waveform 1	2	1.992170421	1.992170421	0.0	48000.0	1-ZOOM0014	d	2022
62	Waveform 1	2	2.001156879	2.001156879	0.0	48000.0	1-ZOOM0014	d	2022
63	Waveform 1	2	2.008968403	2.008968403	0.0	48000.0	1-ZOOM0014	d	2022
64	Waveform 1	2	2.020295564	2.020295564	0.0	48000.0	1-ZOOM0014	d	2022
65	Waveform 1	2	2.027189158	2.027189158	0.0	48000.0	1-ZOOM0014	d	2022
66	Waveform 1	2	2.036441813	2.036441813	0.0	48000.0	1-ZOOM0014	d	2022
67	Waveform 1	2	2.046538938	2.046538938	0.0	48000.0	1-ZOOM0014	d	2022
68	Waveform 1	2	2.054809416	2.054809416	0.0	48000.0	1-ZOOM0014	d	2022
69	Waveform 1	2	2.065503210	2.065503210	0.0	48000.0	1-ZOOM0014	d	2022
70	Waveform 1	2	2.076426465	2.076426465	0.0	48000.0	1-ZOOM0014	d	2022
71	Waveform 1	2	2.555682636	2.555682636	0.0	48000.0	1-ZOOM0014	e	2022
72	Waveform 1	2	2.562989295	2.562989295	0.0	48000.0	1-ZOOM0014	e	2022
73	Waveform 1	2	2.570709019	2.570709019	0.0	48000.0	1-ZOOM0014	e	2022
74	Waveform 1	2	2.582357453	2.582357453	0.0	48000.0	1-ZOOM0014	e	2022
75	Waveform 1	2	2.591802872	2.591802872	0.0	48000.0	1-ZOOM0014	e	2022
76	Waveform 1	2	2.600871943	2.600871943	0.0	48000.0	1-ZOOM0014	e	2022
77	Waveform 1	2	2.613520913	2.613520913	0.0	48000.0	1-ZOOM0014	e	2022
78	Waveform 1	2	2.620607270	2.620607270	0.0	48000.0	1-ZOOM0014	e	2022
79	Waveform 1	2	2.630502472	2.630502472	0.0	48000.0	1-ZOOM0014	e	2022
80	Waveform 1	2	2.641242162	2.641242162	0.0	48000.0	1-ZOOM0014	e	2022
81	Waveform 1	2	2.649090395	2.649090395	0.0	48000.0	1-ZOOM0014	e	2022
82	Waveform 1	2	2.660261510	2.660261510	0.0	48000.0	1-ZOOM0014	e	2022
83	Waveform 1	2	2.667329508	2.667329508	0.0	48000.0	1-ZOOM0014	e	2022
84	Waveform 1	2	2.676921795	2.676921795	0.0	48000.0	1-ZOOM0014	e	2022
85	Waveform 1	2	2.687927683	2.687927683	0.0	48000.0	1-ZOOM0014	e	2022
86	Waveform 1	2	2.698841779	2.698841779	0.0	48000.0	1-ZOOM0014	e	2022
87	Waveform 1	2	3.003114630	3.003114630	0.0	48000.0	1-ZOOM0014	f	2022
88	Waveform 1	2	3.010999588	3.010999588	0.0	48000.0	1-ZOOM0014	f	2022
89	Waveform 1	2	3.018783567	3.018783567	0.0	48000.0	1-ZOOM0014	f	2022
90	Waveform 1	2	3.030367746	3.030367746	0.0	48000.0	1-ZOOM0014	f	2022
91	Waveform 1	2	3.037481641	3.037481641	0.0	48000.0	1-ZOOM0014	f	2022
92	Waveform 1	2	3.046064213	3.046064213	0.0	48000.0	1-ZOOM0014	f	2022
93	Waveform 1	2	3.058676466	3.058676466	0.0	48000.0	1-ZOOM0014	f	2022
94	Waveform 1	2	3.065377296	3.065377296	0.0	48000.0	1-ZOOM0014	f	2022
95	Waveform 1	2	3.075639666	3.075639666	0.0	48000.0	1-ZOOM0014	f	2022
96	Waveform 1	2	3.084607766	3.084607766	0.0	48000.0	1-ZOOM0014	f	2022
97	Waveform 1	2	3.092547799	3.092547799	0.0	48000.0	1-ZOOM0014	f	2022
98	Waveform 1	2	3.103673009	3.103673009	0.0	48000.0	1-ZOOM0014	f	2022
99	Waveform 1	2	3.110713478	3.110713478	0.0	48000.0	1-ZOOM0014	f	2022
100	Waveform 1	2	3.119920237	3.119920237	0.0	48000.0	1-ZOOM0014	f	2022
101	Waveform 1	2	3.130145891	3.130145891	0.0	48000.0	1-ZOOM0014	f	2022
102	Waveform 1	2	3.138379652	3.138379652	0.0	48000.0	1-ZOOM0014	f	2022
103	Waveform 1	2	3.148807248	3.148807248	0.0	48000.0	1-ZOOM0014	f	2022
104	Waveform 1	2	3.158803421	3.158803421	0.0	48000.0	1-ZOOM0014	f	2022
105	Waveform 1	2	3.170047969	3.170047969	0.0	48000.0	1-ZOOM0014	f	2022
106	Waveform 1	2	3.657125032	3.657125032	0.0	48000.0	1-ZOOM0014	g	2022
107	Waveform 1	2	3.664486766	3.664486766	0.0	48000.0	1-ZOOM0014	g	2022
108	Waveform 1	2	3.672390074	3.672390074	0.0	48000.0	1-ZOOM0014	g	2022
109	Waveform 1	2	3.684102763	3.684102763	0.0	48000.0	1-ZOOM0014	g	2022
110	Waveform 1	2	3.693419673	3.693419673	0.0	48000.0	1-ZOOM0014	g	2022
111	Waveform 1	2	3.702396951	3.702396951	0.0	48000.0	1-ZOOM0014	g	2022
112	Waveform 1	2	3.715128535	3.715128535	0.0	48000.0	1-ZOOM0014	g	2022
113	Waveform 1	2	3.722113920	3.722113920	0.0	48000.0	1-ZOOM0014	g	2022
114	Waveform 1	2	3.732045839	3.732045839	0.0	48000.0	1-ZOOM0014	g	2022
115	Waveform 1	2	3.742601944	3.742601944	0.0	48000.0	1-ZOOM0014	g	2022
116	Waveform 1	2	3.750349206	3.750349206	0.0	48000.0	1-ZOOM0014	g	2022
117	Waveform 1	2	3.761107255	3.761107255	0.0	48000.0	1-ZOOM0014	g	2022
118	Waveform 1	2	3.768312942	3.768312942	0.0	48000.0	1-ZOOM0014	g	2022
119	Waveform 1	2	3.777905237	3.777905237	0.0	48000.0	1-ZOOM0014	g	2022
120	Waveform 1	2	3.789204853	3.789204853	0.0	48000.0	1-ZOOM0014	g	2022
121	Waveform 1	2	3.799816034	3.799816034	0.0	48000.0	1-ZOOM0014	g	2022
122	Waveform 1	2	4.175668402	4.175668402	0.0	48000.0	1-ZOOM0014	h	2022
123	Waveform 1	2	4.182543644	4.182543644	0.0	48000.0	1-ZOOM0014	h	2022
124	Waveform 1	2	4.190437774	4.190437774	0.0	48000.0	1-ZOOM0014	h	2022
125	Waveform 1	2	4.202141268	4.202141268	0.0	48000.0	1-ZOOM0014	h	2022
126	Waveform 1	2	4.209961964	4.209961964	0.0	48000.0	1-ZOOM0014	h	2022
127	Waveform 1	2	4.218966780	4.218966780	0.0	48000.0	1-ZOOM0014	h	2022
128	Waveform 1	2	4.231624929	4.231624929	0.0	48000.0	1-ZOOM0014	h	2022
129	Waveform 1	2	4.238619494	4.238619494	0.0	48000.0	1-ZOOM0014	h	2022
130	Waveform 1	2	4.248808431	4.248808431	0.0	48000.0	1-ZOOM0014	h	2022
131	Waveform 1	2	4.258162058	4.258162058	0.0	48000.0	1-ZOOM0014	h	2022
132	Waveform 1	2	4.266285668	4.266285668	0.0	48000.0	1-ZOOM0014	h	2022
133	Waveform 1	2	4.277511857	4.277511857	0.0	48000.0	1-ZOOM0014	h	2022
134	Waveform 1	2	4.284726732	4.284726732	0.0	48000.0	1-ZOOM0014	h	2022
135	Waveform 1	2	4.294410811	4.294410811	0.0	48000.0	1-ZOOM0014	h	2022
136	Waveform 1	2	4.305288190	4.305288190	0.0	48000.0	1-ZOOM0014	h	2022
137	Waveform 1	2	4.315963618	4.315963618	0.0	48000.0	1-ZOOM0014	h	2022
138	Waveform 1	2	4.846641812	4.846641812	0.0	48000.0	1-ZOOM0014	i	2022
139	Waveform 1	2	4.854205489	4.854205489	0.0	48000.0	1-ZOOM0014	i	2022
140	Waveform 1	2	4.861989467	4.861989467	0.0	48000.0	1-ZOOM0014	i	2022
141	Waveform 1	2	4.873656260	4.873656260	0.0	48000.0	1-ZOOM0014	i	2022
142	Waveform 1	2	4.883083321	4.883083321	0.0	48000.0	1-ZOOM0014	i	2022
143	Waveform 1	2	4.892189108	4.892189108	0.0	48000.0	1-ZOOM0014	i	2022
144	Waveform 1	2	4.904764645	4.904764645	0.0	48000.0	1-ZOOM0014	i	2022
145	Waveform 1	2	4.911915257	4.911915257	0.0	48000.0	1-ZOOM0014	i	2022
146	Waveform 1	2	4.922214344	4.922214344	0.0	48000.0	1-ZOOM0014	i	2022
147	Waveform 1	2	4.932403281	4.932403281	0.0	48000.0	1-ZOOM0014	i	2022
148	Waveform 1	2	4.940545257	4.940545257	0.0	48000.0	1-ZOOM0014	i	2022
149	Waveform 1	2	4.951844853	4.951844853	0.0	48000.0	1-ZOOM0014	i	2022
150	Waveform 1	2	4.959280029	4.959280029	0.0	48000.0	1-ZOOM0014	i	2022
151	Waveform 1	2	4.969110976	4.969110976	0.0	48000.0	1-ZOOM0014	i	2022
152	Waveform 1	2	4.980575806	4.980575806	0.0	48000.0	1-ZOOM0014	i	2022
153	Waveform 1	2	4.991820346	4.991820346	0.0	48000.0	1-ZOOM0014	i	2022
154	Waveform 1	2	5.315938605	5.315938605	0.0	48000.0	1-ZOOM0014	j	2022
155	Waveform 1	2	5.323116754	5.323116754	0.0	48000.0	1-ZOOM0014	j	2022
156	Waveform 1	2	5.330818120	5.330818120	0.0	48000.0	1-ZOOM0014	j	2022
157	Waveform 1	2	5.342411478	5.342411478	0.0	48000.0	1-ZOOM0014	j	2022
158	Waveform 1	2	5.350323966	5.350323966	0.0	48000.0	1-ZOOM0014	j	2022
159	Waveform 1	2	5.358888179	5.358888179	0.0	48000.0	1-ZOOM0014	j	2022
160	Waveform 1	2	5.371463716	5.371463716	0.0	48000.0	1-ZOOM0014	j	2022
161	Waveform 1	2	5.378384847	5.378384847	0.0	48000.0	1-ZOOM0014	j	2022
162	Waveform 1	2	5.388399378	5.388399378	0.0	48000.0	1-ZOOM0014	j	2022
163	Waveform 1	2	5.397936590	5.397936590	0.0	48000.0	1-ZOOM0014	j	2022
164	Waveform 1	2	5.405738935	5.405738935	0.0	48000.0	1-ZOOM0014	j	2022
165	Waveform 1	2	5.416754002	5.416754002	0.0	48000.0	1-ZOOM0014	j	2022
166	Waveform 1	2	5.423941331	5.423941331	0.0	48000.0	1-ZOOM0014	j	2022
167	Waveform 1	2	5.433111373	5.433111373	0.0	48000.0	1-ZOOM0014	j	2022
168	Waveform 1	2	5.444163157	5.444163157	0.0	48000.0	1-ZOOM0014	j	2022
169	Waveform 1	2	5.452580503	5.452580503	0.0	48000.0	1-ZOOM0014	j	2022
170	Waveform 1	2	5.463503778	5.463503778	0.0	48000.0	1-ZOOM0014	j	2022
