Selection	View	Channel	Begin Time (s)	End Time (s)	Low Freq (Hz)	High Freq (Hz)	file	syllable	year
1	Waveform 1	1	16.215291178	16.215291178	0.000	48000.000	11-ZOOM0008	a	2022
2	Waveform 1	1	16.222215787	16.222215787	0.000	48000.000	11-ZOOM0008	a	2022
3	Waveform 1	1	16.230453314	16.230453314	0.000	48000.000	11-ZOOM0008	a	2022
4	Waveform 1	1	16.240415653	16.240415653	0.000	48000.000	11-ZOOM0008	a	2022
5	Waveform 1	1	16.247815311	16.247815311	0.000	48000.000	11-ZOOM0008	a	2022
6	Waveform 1	1	16.257739556	16.257739556	0.000	48000.000	11-ZOOM0008	a	2022
7	Waveform 1	1	16.266004328	16.266004328	0.000	48000.000	11-ZOOM0008	a	2022
8	Waveform 1	1	16.274976412	16.274976412	0.000	48000.000	11-ZOOM0008	a	2022
9	Waveform 1	1	16.286081343	16.286081343	0.000	48000.000	11-ZOOM0008	a	2022
10	Waveform 1	1	16.293355868	16.293355868	0.000	48000.000	11-ZOOM0008	a	2022
11	Waveform 1	1	16.303840527	16.303840527	0.000	48000.000	11-ZOOM0008	a	2022
12	Waveform 1	1	16.311697230	16.311697230	0.000	48000.000	11-ZOOM0008	a	2022
13	Waveform 1	1	16.321839112	16.321839112	0.000	48000.000	11-ZOOM0008	a	2022
14	Waveform 1	1	16.332568620	16.332568620	0.000	48000.000	11-ZOOM0008	a	2022
15	Waveform 1	1	16.342737714	16.342737714	0.000	48000.000	11-ZOOM0008	a	2022
16	Waveform 1	1	16.356106068	16.356106068	0.000	48000.000	11-ZOOM0008	a	2022
17	Waveform 1	1	16.671043276	16.671043276	0.000	48000.000	11-ZOOM0008	b	2022
18	Waveform 1	1	16.677768155	16.677768155	0.000	48000.000	11-ZOOM0008	b	2022
19	Waveform 1	1	16.685940424	16.685940424	0.000	48000.000	11-ZOOM0008	b	2022
20	Waveform 1	1	16.696659051	16.696659051	0.000	48000.000	11-ZOOM0008	b	2022
21	Waveform 1	1	16.703378594	16.703378594	0.000	48000.000	11-ZOOM0008	b	2022
22	Waveform 1	1	16.713460633	16.713460633	0.000	48000.000	11-ZOOM0008	b	2022
23	Waveform 1	1	16.721339092	16.721339092	0.000	48000.000	11-ZOOM0008	b	2022
24	Waveform 1	1	16.730262215	16.730262215	0.000	48000.000	11-ZOOM0008	b	2022
25	Waveform 1	1	16.741203919	16.741203919	0.000	48000.000	11-ZOOM0008	b	2022
26	Waveform 1	1	16.748647105	16.748647105	0.000	48000.000	11-ZOOM0008	b	2022
27	Waveform 1	1	16.758799876	16.758799876	0.000	48000.000	11-ZOOM0008	b	2022
28	Waveform 1	1	16.766324675	16.766324675	0.000	48000.000	11-ZOOM0008	b	2022
29	Waveform 1	1	16.776281573	16.776281573	0.000	48000.000	11-ZOOM0008	b	2022
30	Waveform 1	1	16.786320077	16.786320077	0.000	48000.000	11-ZOOM0008	b	2022
31	Waveform 1	1	16.794590289	16.794590289	0.000	48000.000	11-ZOOM0008	b	2022
32	Waveform 1	1	16.805319798	16.805319798	0.000	48000.000	11-ZOOM0008	b	2022
33	Waveform 1	1	16.814852297	16.814852297	0.000	48000.000	11-ZOOM0008	b	2022
34	Waveform 1	1	16.828139037	16.828139037	0.000	48000.000	11-ZOOM0008	b	2022
35	Waveform 1	1	17.427850505	17.427850505	0.000	48000.000	11-ZOOM0008	c	2022
36	Waveform 1	1	17.434611861	17.434611861	0.000	48000.000	11-ZOOM0008	c	2022
37	Waveform 1	1	17.442354304	17.442354304	0.000	48000.000	11-ZOOM0008	c	2022
38	Waveform 1	1	17.453072930	17.453072930	0.000	48000.000	11-ZOOM0008	c	2022
39	Waveform 1	1	17.459672773	17.459672773	0.000	48000.000	11-ZOOM0008	c	2022
40	Waveform 1	1	17.469194390	17.469194390	0.000	48000.000	11-ZOOM0008	c	2022
41	Waveform 1	1	17.478231773	17.478231773	0.000	48000.000	11-ZOOM0008	c	2022
42	Waveform 1	1	17.486453010	17.486453010	0.000	48000.000	11-ZOOM0008	c	2022
43	Waveform 1	1	17.497367509	17.497367509	0.000	48000.000	11-ZOOM0008	c	2022
44	Waveform 1	1	17.504495122	17.504495122	0.000	48000.000	11-ZOOM0008	c	2022
45	Waveform 1	1	17.514452019	17.514452019	0.000	48000.000	11-ZOOM0008	c	2022
46	Waveform 1	1	17.523445867	17.523445867	0.000	48000.000	11-ZOOM0008	c	2022
47	Waveform 1	1	17.533011018	17.533011018	0.000	48000.000	11-ZOOM0008	c	2022
48	Waveform 1	1	17.544567547	17.544567547	0.000	48000.000	11-ZOOM0008	c	2022
49	Waveform 1	1	17.553463465	17.553463465	0.000	48000.000	11-ZOOM0008	c	2022
50	Waveform 1	1	17.566135382	17.566135382	0.000	48000.000	11-ZOOM0008	c	2022
51	Waveform 1	1	17.888113196	17.888113196	0.000	48000.000	11-ZOOM0008	d	2022
52	Waveform 1	1	17.894767343	17.894767343	0.000	48000.000	11-ZOOM0008	d	2022
53	Waveform 1	1	17.902906967	17.902906967	0.000	48000.000	11-ZOOM0008	d	2022
54	Waveform 1	1	17.913397075	17.913397075	0.000	48000.000	11-ZOOM0008	d	2022
55	Waveform 1	1	17.920274405	17.920274405	0.000	48000.000	11-ZOOM0008	d	2022
56	Waveform 1	1	17.930204098	17.930204098	0.000	48000.000	11-ZOOM0008	d	2022
57	Waveform 1	1	17.938077116	17.938077116	0.000	48000.000	11-ZOOM0008	d	2022
58	Waveform 1	1	17.946934941	17.946934941	0.000	48000.000	11-ZOOM0008	d	2022
59	Waveform 1	1	17.957849440	17.957849440	0.000	48000.000	11-ZOOM0008	d	2022
60	Waveform 1	1	17.965243665	17.965243665	0.000	48000.000	11-ZOOM0008	d	2022
61	Waveform 1	1	17.975238642	17.975238642	0.000	48000.000	11-ZOOM0008	d	2022
62	Waveform 1	1	17.983111667	17.983111667	0.000	48000.000	11-ZOOM0008	d	2022
63	Waveform 1	1	17.992731221	17.992731221	0.000	48000.000	11-ZOOM0008	d	2022
64	Waveform 1	1	18.003058101	18.003058101	0.000	48000.000	11-ZOOM0008	d	2022
65	Waveform 1	1	18.011518739	18.011518739	0.000	48000.000	11-ZOOM0008	d	2022
66	Waveform 1	1	18.022259129	18.022259129	0.000	48000.000	11-ZOOM0008	d	2022
67	Waveform 1	1	18.030817710	18.030817710	0.000	48000.000	11-ZOOM0008	d	2022
68	Waveform 1	1	18.041715887	18.041715887	0.000	48000.000	11-ZOOM0008	d	2022
69	Waveform 1	1	18.536577478	18.536577478	0.000	48000.000	11-ZOOM0008	e	2022
70	Waveform 1	1	18.543314850	18.543314850	0.000	48000.000	11-ZOOM0008	e	2022
71	Waveform 1	1	18.551661229	18.551661229	0.000	48000.000	11-ZOOM0008	e	2022
72	Waveform 1	1	18.561813999	18.561813999	0.000	48000.000	11-ZOOM0008	e	2022
73	Waveform 1	1	18.568816471	18.568816471	0.000	48000.000	11-ZOOM0008	e	2022
74	Waveform 1	1	18.578615581	18.578615581	0.000	48000.000	11-ZOOM0008	e	2022
75	Waveform 1	1	18.586940196	18.586940196	0.000	48000.000	11-ZOOM0008	e	2022
76	Waveform 1	1	18.595798028	18.595798028	0.000	48000.000	11-ZOOM0008	e	2022
77	Waveform 1	1	18.606788700	18.606788700	0.000	48000.000	11-ZOOM0008	e	2022
78	Waveform 1	1	18.614193800	18.614193800	0.000	48000.000	11-ZOOM0008	e	2022
79	Waveform 1	1	18.624547884	18.624547884	0.000	48000.000	11-ZOOM0008	e	2022
80	Waveform 1	1	18.632654862	18.632654862	0.000	48000.000	11-ZOOM0008	e	2022
81	Waveform 1	1	18.642638964	18.642638964	0.000	48000.000	11-ZOOM0008	e	2022
82	Waveform 1	1	18.653836392	18.653836392	0.000	48000.000	11-ZOOM0008	e	2022
83	Waveform 1	1	18.664016360	18.664016360	0.000	48000.000	11-ZOOM0008	e	2022
84	Waveform 1	1	18.676867827	18.676867827	0.000	48000.000	11-ZOOM0008	e	2022
85	Waveform 1	1	18.992062369	18.992062369	0.000	48000.000	11-ZOOM0008	f	2022
86	Waveform 1	1	18.998780197	18.998780197	0.000	48000.000	11-ZOOM0008	f	2022
87	Waveform 1	1	19.006881741	19.006881741	0.000	48000.000	11-ZOOM0008	f	2022
88	Waveform 1	1	19.017268464	19.017268464	0.000	48000.000	11-ZOOM0008	f	2022
89	Waveform 1	1	19.024330792	19.024330792	0.000	48000.000	11-ZOOM0008	f	2022
90	Waveform 1	1	19.033961228	19.033961228	0.000	48000.000	11-ZOOM0008	f	2022
91	Waveform 1	1	19.042334818	19.042334818	0.000	48000.000	11-ZOOM0008	f	2022
92	Waveform 1	1	19.051138233	19.051138233	0.000	48000.000	11-ZOOM0008	f	2022
93	Waveform 1	1	19.061965678	19.061965678	0.000	48000.000	11-ZOOM0008	f	2022
94	Waveform 1	1	19.069289164	19.069289164	0.000	48000.000	11-ZOOM0008	f	2022
95	Waveform 1	1	19.079474580	19.079474580	0.000	48000.000	11-ZOOM0008	f	2022
96	Waveform 1	1	19.087244221	19.087244221	0.000	48000.000	11-ZOOM0008	f	2022
97	Waveform 1	1	19.097299055	19.097299055	0.000	48000.000	11-ZOOM0008	f	2022
98	Waveform 1	1	19.106586712	19.106586712	0.000	48000.000	11-ZOOM0008	f	2022
99	Waveform 1	1	19.115123530	19.115123530	0.000	48000.000	11-ZOOM0008	f	2022
100	Waveform 1	1	19.126353603	19.126353603	0.000	48000.000	11-ZOOM0008	f	2022
101	Waveform 1	1	19.135554206	19.135554206	0.000	48000.000	11-ZOOM0008	f	2022
102	Waveform 1	1	19.147388221	19.147388221	0.000	48000.000	11-ZOOM0008	f	2022
103	Waveform 1	1	19.626771991	19.626771991	0.000	48000.000	11-ZOOM0008	g	2022
104	Waveform 1	1	19.633638335	19.633638335	0.000	48000.000	11-ZOOM0008	g	2022
105	Waveform 1	1	19.641674581	19.641674581	0.000	48000.000	11-ZOOM0008	g	2022
106	Waveform 1	1	19.651234291	19.651234291	0.000	48000.000	11-ZOOM0008	g	2022
107	Waveform 1	1	19.659101869	19.659101869	0.000	48000.000	11-ZOOM0008	g	2022
108	Waveform 1	1	19.668873775	19.668873775	0.000	48000.000	11-ZOOM0008	g	2022
109	Waveform 1	1	19.676850171	19.676850171	0.000	48000.000	11-ZOOM0008	g	2022
110	Waveform 1	1	19.685871230	19.685871230	0.000	48000.000	11-ZOOM0008	g	2022
111	Waveform 1	1	19.696899989	19.696899989	0.000	48000.000	11-ZOOM0008	g	2022
112	Waveform 1	1	19.704310529	19.704310529	0.000	48000.000	11-ZOOM0008	g	2022
113	Waveform 1	1	19.714762551	19.714762551	0.000	48000.000	11-ZOOM0008	g	2022
114	Waveform 1	1	19.722526751	19.722526751	0.000	48000.000	11-ZOOM0008	g	2022
115	Waveform 1	1	19.732690403	19.732690403	0.000	48000.000	11-ZOOM0008	g	2022
116	Waveform 1	1	19.742451421	19.742451421	0.000	48000.000	11-ZOOM0008	g	2022
117	Waveform 1	1	19.752364791	19.752364791	0.000	48000.000	11-ZOOM0008	g	2022
118	Waveform 1	1	19.765183613	19.765183613	0.000	48000.000	11-ZOOM0008	g	2022
119	Waveform 1	1	20.086932908	20.086932908	0.000	48000.000	11-ZOOM0008	h	2022
120	Waveform 1	1	20.093810134	20.093810134	0.000	48000.000	11-ZOOM0008	h	2022
121	Waveform 1	1	20.101960646	20.101960646	0.000	48000.000	11-ZOOM0008	h	2022
122	Waveform 1	1	20.112195023	20.112195023	0.000	48000.000	11-ZOOM0008	h	2022
123	Waveform 1	1	20.119436902	20.119436902	0.000	48000.000	11-ZOOM0008	h	2022
124	Waveform 1	1	20.129382911	20.129382911	0.000	48000.000	11-ZOOM0008	h	2022
125	Waveform 1	1	20.137179763	20.137179763	0.000	48000.000	11-ZOOM0008	h	2022
126	Waveform 1	1	20.146162729	20.146162729	0.000	48000.000	11-ZOOM0008	h	2022
127	Waveform 1	1	20.157191488	20.157191488	0.000	48000.000	11-ZOOM0008	h	2022
128	Waveform 1	1	20.164678201	20.164678201	0.000	48000.000	11-ZOOM0008	h	2022
129	Waveform 1	1	20.174928908	20.174928908	0.000	48000.000	11-ZOOM0008	h	2022
130	Waveform 1	1	20.182459149	20.182459149	0.000	48000.000	11-ZOOM0008	h	2022
131	Waveform 1	1	20.192367078	20.192367078	0.000	48000.000	11-ZOOM0008	h	2022
132	Waveform 1	1	20.202220591	20.202220591	0.000	48000.000	11-ZOOM0008	h	2022
133	Waveform 1	1	20.210877109	20.210877109	0.000	48000.000	11-ZOOM0008	h	2022
134	Waveform 1	1	20.221753522	20.221753522	0.000	48000.000	11-ZOOM0008	h	2022
135	Waveform 1	1	20.230812661	20.230812661	0.000	48000.000	11-ZOOM0008	h	2022
136	Waveform 1	1	20.241814215	20.241814215	0.000	48000.000	11-ZOOM0008	h	2022
137	Waveform 1	1	20.902874353	20.902874353	0.000	48000.000	11-ZOOM0008	i	2022
138	Waveform 1	1	20.909649812	20.909649812	0.000	48000.000	11-ZOOM0008	i	2022
139	Waveform 1	1	20.917805758	20.917805758	0.000	48000.000	11-ZOOM0008	i	2022
140	Waveform 1	1	20.927691923	20.927691923	0.000	48000.000	11-ZOOM0008	i	2022
141	Waveform 1	1	20.934743363	20.934743363	0.000	48000.000	11-ZOOM0008	i	2022
142	Waveform 1	1	20.944471742	20.944471742	0.000	48000.000	11-ZOOM0008	i	2022
143	Waveform 1	1	20.952736506	20.952736506	0.000	48000.000	11-ZOOM0008	i	2022
144	Waveform 1	1	20.961518165	20.961518165	0.000	48000.000	11-ZOOM0008	i	2022
145	Waveform 1	1	20.972525154	20.972525154	0.000	48000.000	11-ZOOM0008	i	2022
146	Waveform 1	1	20.979919378	20.979919378	0.000	48000.000	11-ZOOM0008	i	2022
147	Waveform 1	1	20.990338754	20.990338754	0.000	48000.000	11-ZOOM0008	i	2022
148	Waveform 1	1	20.998070308	20.998070308	0.000	48000.000	11-ZOOM0008	i	2022
149	Waveform 1	1	21.008223023	21.008223023	0.000	48000.000	11-ZOOM0008	i	2022
150	Waveform 1	1	21.019300750	21.019300750	0.000	48000.000	11-ZOOM0008	i	2022
151	Waveform 1	1	21.028931192	21.028931192	0.000	48000.000	11-ZOOM0008	i	2022
152	Waveform 1	1	21.042430129	21.042430129	0.000	48000.000	11-ZOOM0008	i	2022
153	Waveform 1	1	21.375510656	21.375510656	0.000	48000.000	11-ZOOM0008	j	2022
154	Waveform 1	1	21.382145259	21.382145259	0.000	48000.000	11-ZOOM0008	j	2022
155	Waveform 1	1	21.389827845	21.389827845	0.000	48000.000	11-ZOOM0008	j	2022
156	Waveform 1	1	21.400094875	21.400094875	0.000	48000.000	11-ZOOM0008	j	2022
157	Waveform 1	1	21.407320424	21.407320424	0.000	48000.000	11-ZOOM0008	j	2022
158	Waveform 1	1	21.417037921	21.417037921	0.000	48000.000	11-ZOOM0008	j	2022
159	Waveform 1	1	21.425542086	21.425542086	0.000	48000.000	11-ZOOM0008	j	2022
160	Waveform 1	1	21.434068022	21.434068022	0.000	48000.000	11-ZOOM0008	j	2022
161	Waveform 1	1	21.444199022	21.444199022	0.000	48000.000	11-ZOOM0008	j	2022
162	Waveform 1	1	21.451946906	21.451946906	0.000	48000.000	11-ZOOM0008	j	2022
163	Waveform 1	1	21.461800419	21.461800419	0.000	48000.000	11-ZOOM0008	j	2022
164	Waveform 1	1	21.470027104	21.470027104	0.000	48000.000	11-ZOOM0008	j	2022
165	Waveform 1	1	21.479516076	21.479516076	0.000	48000.000	11-ZOOM0008	j	2022
166	Waveform 1	1	21.490408812	21.490408812	0.000	48000.000	11-ZOOM0008	j	2022
167	Waveform 1	1	21.498695347	21.498695347	0.000	48000.000	11-ZOOM0008	j	2022
168	Waveform 1	1	21.509560878	21.509560878	0.000	48000.000	11-ZOOM0008	j	2022
169	Waveform 1	1	21.518745158	21.518745158	0.000	48000.000	11-ZOOM0008	j	2022
170	Waveform 1	1	21.530834897	21.530834897	0.000	48000.000	11-ZOOM0008	j	2022
