Selection	View	Channel	Begin Time (s)	End Time (s)	Low Freq (Hz)	High Freq (Hz)	file	syllable	year
1	Waveform 1	1	4.836535020	4.836535020	0.000	48000.000	11-ZOOM0004	a	2022
2	Waveform 1	1	4.842922220	4.842922220	0.000	48000.000	11-ZOOM0004	a	2022
3	Waveform 1	1	4.851674195	4.851674195	0.000	48000.000	11-ZOOM0004	a	2022
4	Waveform 1	1	4.863718423	4.863718423	0.000	48000.000	11-ZOOM0004	a	2022
5	Waveform 1	1	4.871571991	4.871571991	0.000	48000.000	11-ZOOM0004	a	2022
6	Waveform 1	1	4.882541858	4.882541858	0.000	48000.000	11-ZOOM0004	a	2022
7	Waveform 1	1	4.892707510	4.892707510	0.000	48000.000	11-ZOOM0004	a	2022
8	Waveform 1	1	4.902194622	4.902194622	0.000	48000.000	11-ZOOM0004	a	2022
9	Waveform 1	1	4.913466058	4.913466058	0.000	48000.000	11-ZOOM0004	a	2022
10	Waveform 1	1	4.922199227	4.922199227	0.000	48000.000	11-ZOOM0004	a	2022
11	Waveform 1	1	4.934105232	4.934105232	0.000	48000.000	11-ZOOM0004	a	2022
12	Waveform 1	1	4.942775572	4.942775572	0.000	48000.000	11-ZOOM0004	a	2022
13	Waveform 1	1	4.953318196	4.953318196	0.000	48000.000	11-ZOOM0004	a	2022
14	Waveform 1	1	4.964608489	4.964608489	0.000	48000.000	11-ZOOM0004	a	2022
15	Waveform 1	1	4.976200351	4.976200351	0.000	48000.000	11-ZOOM0004	a	2022
16	Waveform 1	1	5.313220305	5.313220305	0.000	48000.000	11-ZOOM0004	b	2022
17	Waveform 1	1	5.319558292	5.319558292	0.000	48000.000	11-ZOOM0004	b	2022
18	Waveform 1	1	5.328322866	5.328322866	0.000	48000.000	11-ZOOM0004	b	2022
19	Waveform 1	1	5.340511608	5.340511608	0.000	48000.000	11-ZOOM0004	b	2022
20	Waveform 1	1	5.348434280	5.348434280	0.000	48000.000	11-ZOOM0004	b	2022
21	Waveform 1	1	5.359360167	5.359360167	0.000	48000.000	11-ZOOM0004	b	2022
22	Waveform 1	1	5.369387596	5.369387596	0.000	48000.000	11-ZOOM0004	b	2022
23	Waveform 1	1	5.378774182	5.378774182	0.000	48000.000	11-ZOOM0004	b	2022
24	Waveform 1	1	5.390981765	5.390981765	0.000	48000.000	11-ZOOM0004	b	2022
25	Waveform 1	1	5.398986121	5.398986121	0.000	48000.000	11-ZOOM0004	b	2022
26	Waveform 1	1	5.410219861	5.410219861	0.000	48000.000	11-ZOOM0004	b	2022
27	Waveform 1	1	5.418450400	5.418450400	0.000	48000.000	11-ZOOM0004	b	2022
28	Waveform 1	1	5.429338582	5.429338582	0.000	48000.000	11-ZOOM0004	b	2022
29	Waveform 1	1	5.440578612	5.440578612	0.000	48000.000	11-ZOOM0004	b	2022
30	Waveform 1	1	5.451228045	5.451228045	0.000	48000.000	11-ZOOM0004	b	2022
31	Waveform 1	1	5.806793142	5.806793142	0.000	48000.000	11-ZOOM0004	c	2022
32	Waveform 1	1	5.813114118	5.813114118	0.000	48000.000	11-ZOOM0004	c	2022
33	Waveform 1	1	5.822111166	5.822111166	0.000	48000.000	11-ZOOM0004	c	2022
34	Waveform 1	1	5.833966909	5.833966909	0.000	48000.000	11-ZOOM0004	c	2022
35	Waveform 1	1	5.841801628	5.841801628	0.000	48000.000	11-ZOOM0004	c	2022
36	Waveform 1	1	5.852635974	5.852635974	0.000	48000.000	11-ZOOM0004	c	2022
37	Waveform 1	1	5.863125633	5.863125633	0.000	48000.000	11-ZOOM0004	c	2022
38	Waveform 1	1	5.871921622	5.871921622	0.000	48000.000	11-ZOOM0004	c	2022
39	Waveform 1	1	5.884066384	5.884066384	0.000	48000.000	11-ZOOM0004	c	2022
40	Waveform 1	1	5.892171259	5.892171259	0.000	48000.000	11-ZOOM0004	c	2022
41	Waveform 1	1	5.903423854	5.903423854	0.000	48000.000	11-ZOOM0004	c	2022
42	Waveform 1	1	5.912376915	5.912376915	0.000	48000.000	11-ZOOM0004	c	2022
43	Waveform 1	1	5.922379221	5.922379221	0.000	48000.000	11-ZOOM0004	c	2022
44	Waveform 1	1	5.934033912	5.934033912	0.000	48000.000	11-ZOOM0004	c	2022
45	Waveform 1	1	5.944450887	5.944450887	0.000	48000.000	11-ZOOM0004	c	2022
46	Waveform 1	1	6.287519382	6.287519382	0.000	48000.000	11-ZOOM0004	d	2022
47	Waveform 1	1	6.294009995	6.294009995	0.000	48000.000	11-ZOOM0004	d	2022
48	Waveform 1	1	6.302799710	6.302799710	0.000	48000.000	11-ZOOM0004	d	2022
49	Waveform 1	1	6.314668018	6.314668018	0.000	48000.000	11-ZOOM0004	d	2022
50	Waveform 1	1	6.322615828	6.322615828	0.000	48000.000	11-ZOOM0004	d	2022
51	Waveform 1	1	6.333202433	6.333202433	0.000	48000.000	11-ZOOM0004	d	2022
52	Waveform 1	1	6.343719934	6.343719934	0.000	48000.000	11-ZOOM0004	d	2022
53	Waveform 1	1	6.352786086	6.352786086	0.000	48000.000	11-ZOOM0004	d	2022
54	Waveform 1	1	6.364911999	6.364911999	0.000	48000.000	11-ZOOM0004	d	2022
55	Waveform 1	1	6.372985459	6.372985459	0.000	48000.000	11-ZOOM0004	d	2022
56	Waveform 1	1	6.383691446	6.383691446	0.000	48000.000	11-ZOOM0004	d	2022
57	Waveform 1	1	6.393404741	6.393404741	0.000	48000.000	11-ZOOM0004	d	2022
58	Waveform 1	1	6.403710296	6.403710296	0.000	48000.000	11-ZOOM0004	d	2022
59	Waveform 1	1	6.415074295	6.415074295	0.000	48000.000	11-ZOOM0004	d	2022
60	Waveform 1	1	6.425528968	6.425528968	0.000	48000.000	11-ZOOM0004	d	2022
61	Waveform 1	1	6.791706488	6.791706488	0.000	48000.000	11-ZOOM0004	e	2022
62	Waveform 1	1	6.798152434	6.798152434	0.000	48000.000	11-ZOOM0004	e	2022
63	Waveform 1	1	6.806954714	6.806954714	0.000	48000.000	11-ZOOM0004	e	2022
64	Waveform 1	1	6.818898416	6.818898416	0.000	48000.000	11-ZOOM0004	e	2022
65	Waveform 1	1	6.826733135	6.826733135	0.000	48000.000	11-ZOOM0004	e	2022
66	Waveform 1	1	6.837062142	6.837062142	0.000	48000.000	11-ZOOM0004	e	2022
67	Waveform 1	1	6.848233061	6.848233061	0.000	48000.000	11-ZOOM0004	e	2022
68	Waveform 1	1	6.856865696	6.856865696	0.000	48000.000	11-ZOOM0004	e	2022
69	Waveform 1	1	6.868734012	6.868734012	0.000	48000.000	11-ZOOM0004	e	2022
70	Waveform 1	1	6.876763492	6.876763492	0.000	48000.000	11-ZOOM0004	e	2022
71	Waveform 1	1	6.887632833	6.887632833	0.000	48000.000	11-ZOOM0004	e	2022
72	Waveform 1	1	6.897704243	6.897704243	0.000	48000.000	11-ZOOM0004	e	2022
73	Waveform 1	1	6.907247900	6.907247900	0.000	48000.000	11-ZOOM0004	e	2022
74	Waveform 1	1	6.919537160	6.919537160	0.000	48000.000	11-ZOOM0004	e	2022
75	Waveform 1	1	6.929721669	6.929721669	0.000	48000.000	11-ZOOM0004	e	2022
76	Waveform 1	1	7.255078803	7.255078803	0.000	48000.000	11-ZOOM0004	f	2022
77	Waveform 1	1	7.261412345	7.261412345	0.000	48000.000	11-ZOOM0004	f	2022
78	Waveform 1	1	7.270371697	7.270371697	0.000	48000.000	11-ZOOM0004	f	2022
79	Waveform 1	1	7.282332545	7.282332545	0.000	48000.000	11-ZOOM0004	f	2022
80	Waveform 1	1	7.290142758	7.290142758	0.000	48000.000	11-ZOOM0004	f	2022
81	Waveform 1	1	7.301264475	7.301264475	0.000	48000.000	11-ZOOM0004	f	2022
82	Waveform 1	1	7.311249468	7.311249468	0.000	48000.000	11-ZOOM0004	f	2022
83	Waveform 1	1	7.320337502	7.320337502	0.000	48000.000	11-ZOOM0004	f	2022
84	Waveform 1	1	7.332655016	7.332655016	0.000	48000.000	11-ZOOM0004	f	2022
85	Waveform 1	1	7.340328446	7.340328446	0.000	48000.000	11-ZOOM0004	f	2022
86	Waveform 1	1	7.351907594	7.351907594	0.000	48000.000	11-ZOOM0004	f	2022
87	Waveform 1	1	7.360126169	7.360126169	0.000	48000.000	11-ZOOM0004	f	2022
88	Waveform 1	1	7.370373511	7.370373511	0.000	48000.000	11-ZOOM0004	f	2022
89	Waveform 1	1	7.381828449	7.381828449	0.000	48000.000	11-ZOOM0004	f	2022
90	Waveform 1	1	7.392130996	7.392130996	0.000	48000.000	11-ZOOM0004	f	2022
91	Waveform 1	1	7.404483008	7.404483008	0.000	48000.000	11-ZOOM0004	f	2022
92	Waveform 1	1	7.791825470	7.791825470	0.000	48000.000	11-ZOOM0004	g	2022
93	Waveform 1	1	7.798146471	7.798146471	0.000	48000.000	11-ZOOM0004	g	2022
94	Waveform 1	1	7.806841185	7.806841185	0.000	48000.000	11-ZOOM0004	g	2022
95	Waveform 1	1	7.818668758	7.818668758	0.000	48000.000	11-ZOOM0004	g	2022
96	Waveform 1	1	7.826473299	7.826473299	0.000	48000.000	11-ZOOM0004	g	2022
97	Waveform 1	1	7.837162273	7.837162273	0.000	48000.000	11-ZOOM0004	g	2022
98	Waveform 1	1	7.846811536	7.846811536	0.000	48000.000	11-ZOOM0004	g	2022
99	Waveform 1	1	7.856131932	7.856131932	0.000	48000.000	11-ZOOM0004	g	2022
100	Waveform 1	1	7.867808268	7.867808268	0.000	48000.000	11-ZOOM0004	g	2022
101	Waveform 1	1	7.876281584	7.876281584	0.000	48000.000	11-ZOOM0004	g	2022
102	Waveform 1	1	7.887433842	7.887433842	0.000	48000.000	11-ZOOM0004	g	2022
103	Waveform 1	1	7.896748662	7.896748662	0.000	48000.000	11-ZOOM0004	g	2022
104	Waveform 1	1	7.906009223	7.906009223	0.000	48000.000	11-ZOOM0004	g	2022
105	Waveform 1	1	7.917826214	7.917826214	0.000	48000.000	11-ZOOM0004	g	2022
106	Waveform 1	1	7.928784536	7.928784536	0.000	48000.000	11-ZOOM0004	g	2022
107	Waveform 1	1	8.263901771	8.263901771	0.000	48000.000	11-ZOOM0004	h	2022
108	Waveform 1	1	8.270276129	8.270276129	0.000	48000.000	11-ZOOM0004	h	2022
109	Waveform 1	1	8.279067451	8.279067451	0.000	48000.000	11-ZOOM0004	h	2022
110	Waveform 1	1	8.291287572	8.291287572	0.000	48000.000	11-ZOOM0004	h	2022
111	Waveform 1	1	8.299120459	8.299120459	0.000	48000.000	11-ZOOM0004	h	2022
112	Waveform 1	1	8.309181486	8.309181486	0.000	48000.000	11-ZOOM0004	h	2022
113	Waveform 1	1	8.320477674	8.320477674	0.000	48000.000	11-ZOOM0004	h	2022
114	Waveform 1	1	8.329337456	8.329337456	0.000	48000.000	11-ZOOM0004	h	2022
115	Waveform 1	1	8.341627985	8.341627985	0.000	48000.000	11-ZOOM0004	h	2022
116	Waveform 1	1	8.349204736	8.349204736	0.000	48000.000	11-ZOOM0004	h	2022
117	Waveform 1	1	8.360300843	8.360300843	0.000	48000.000	11-ZOOM0004	h	2022
118	Waveform 1	1	8.369568305	8.369568305	0.000	48000.000	11-ZOOM0004	h	2022
119	Waveform 1	1	8.379802191	8.379802191	0.000	48000.000	11-ZOOM0004	h	2022
120	Waveform 1	1	8.391249883	8.391249883	0.000	48000.000	11-ZOOM0004	h	2022
121	Waveform 1	1	8.401021051	8.401021051	0.000	48000.000	11-ZOOM0004	h	2022
122	Waveform 1	1	8.414042381	8.414042381	0.000	48000.000	11-ZOOM0004	h	2022
123	Waveform 1	1	8.742657599	8.742657599	0.000	48000.000	11-ZOOM0004	i	2022
124	Waveform 1	1	8.749030113	8.749030113	0.000	48000.000	11-ZOOM0004	i	2022
125	Waveform 1	1	8.757869739	8.757869739	0.000	48000.000	11-ZOOM0004	i	2022
126	Waveform 1	1	8.769780114	8.769780114	0.000	48000.000	11-ZOOM0004	i	2022
127	Waveform 1	1	8.777695064	8.777695064	0.000	48000.000	11-ZOOM0004	i	2022
128	Waveform 1	1	8.788301236	8.788301236	0.000	48000.000	11-ZOOM0004	i	2022
129	Waveform 1	1	8.798769356	8.798769356	0.000	48000.000	11-ZOOM0004	i	2022
130	Waveform 1	1	8.807954010	8.807954010	0.000	48000.000	11-ZOOM0004	i	2022
131	Waveform 1	1	8.820216315	8.820216315	0.000	48000.000	11-ZOOM0004	i	2022
132	Waveform 1	1	8.827979452	8.827979452	0.000	48000.000	11-ZOOM0004	i	2022
133	Waveform 1	1	8.839709871	8.839709871	0.000	48000.000	11-ZOOM0004	i	2022
134	Waveform 1	1	8.848067004	8.848067004	0.000	48000.000	11-ZOOM0004	i	2022
135	Waveform 1	1	8.857865804	8.857865804	0.000	48000.000	11-ZOOM0004	i	2022
136	Waveform 1	1	8.869865892	8.869865892	0.000	48000.000	11-ZOOM0004	i	2022
137	Waveform 1	1	8.880209843	8.880209843	0.000	48000.000	11-ZOOM0004	i	2022
138	Waveform 1	1	9.233452250	9.233452250	0.000	48000.000	11-ZOOM0004	j	2022
139	Waveform 1	1	9.239970567	9.239970567	0.000	48000.000	11-ZOOM0004	j	2022
140	Waveform 1	1	9.248810193	9.248810193	0.000	48000.000	11-ZOOM0004	j	2022
141	Waveform 1	1	9.260824082	9.260824082	0.000	48000.000	11-ZOOM0004	j	2022
142	Waveform 1	1	9.268573413	9.268573413	0.000	48000.000	11-ZOOM0004	j	2022
143	Waveform 1	1	9.279296895	9.279296895	0.000	48000.000	11-ZOOM0004	j	2022
144	Waveform 1	1	9.289988533	9.289988533	0.000	48000.000	11-ZOOM0004	j	2022
145	Waveform 1	1	9.298807878	9.298807878	0.000	48000.000	11-ZOOM0004	j	2022
146	Waveform 1	1	9.311018799	9.311018799	0.000	48000.000	11-ZOOM0004	j	2022
147	Waveform 1	1	9.318761234	9.318761234	0.000	48000.000	11-ZOOM0004	j	2022
148	Waveform 1	1	9.329463973	9.329463973	0.000	48000.000	11-ZOOM0004	j	2022
149	Waveform 1	1	9.339297245	9.339297245	0.000	48000.000	11-ZOOM0004	j	2022
150	Waveform 1	1	9.349710547	9.349710547	0.000	48000.000	11-ZOOM0004	j	2022
151	Waveform 1	1	9.361006426	9.361006426	0.000	48000.000	11-ZOOM0004	j	2022
152	Waveform 1	1	9.371039851	9.371039851	0.000	48000.000	11-ZOOM0004	j	2022
