Selection	View	Channel	Begin Time (s)	End Time (s)	Low Freq (Hz)	High Freq (Hz)	file	syllable	year
1	Waveform 1	2	34.751150743	34.751150743	0.000	48000.000	12-ZOOM0006	a	2022
2	Waveform 1	2	34.758589428	34.758589428	0.000	48000.000	12-ZOOM0006	a	2022
3	Waveform 1	2	34.767706426	34.767706426	0.000	48000.000	12-ZOOM0006	a	2022
4	Waveform 1	2	34.778521778	34.778521778	0.000	48000.000	12-ZOOM0006	a	2022
5	Waveform 1	2	34.785966396	34.785966396	0.000	48000.000	12-ZOOM0006	a	2022
6	Waveform 1	2	34.795445525	34.795445525	0.000	48000.000	12-ZOOM0006	a	2022
7	Waveform 1	2	34.807185136	34.807185136	0.000	48000.000	12-ZOOM0006	a	2022
8	Waveform 1	2	34.814715186	34.814715186	0.000	48000.000	12-ZOOM0006	a	2022
9	Waveform 1	2	34.825701334	34.825701334	0.000	48000.000	12-ZOOM0006	a	2022
10	Waveform 1	2	34.835903844	34.835903844	0.000	48000.000	12-ZOOM0006	a	2022
11	Waveform 1	2	34.844423503	34.844423503	0.000	48000.000	12-ZOOM0006	a	2022
12	Waveform 1	2	34.855490025	34.855490025	0.000	48000.000	12-ZOOM0006	a	2022
13	Waveform 1	2	34.863994614	34.863994614	0.000	48000.000	12-ZOOM0006	a	2022
14	Waveform 1	2	34.875372541	34.875372541	0.000	48000.000	12-ZOOM0006	a	2022
15	Waveform 1	2	34.886891169	34.886891169	0.000	48000.000	12-ZOOM0006	a	2022
16	Waveform 1	2	34.898455008	34.898455008	0.000	48000.000	12-ZOOM0006	a	2022
17	Waveform 1	2	35.288481470	35.288481470	0.000	48000.000	12-ZOOM0006	b	2022
18	Waveform 1	2	35.296346722	35.296346722	0.000	48000.000	12-ZOOM0006	b	2022
19	Waveform 1	2	35.305072340	35.305072340	0.000	48000.000	12-ZOOM0006	b	2022
20	Waveform 1	2	35.315807318	35.315807318	0.000	48000.000	12-ZOOM0006	b	2022
21	Waveform 1	2	35.323704088	35.323704088	0.000	48000.000	12-ZOOM0006	b	2022
22	Waveform 1	2	35.333781001	35.333781001	0.000	48000.000	12-ZOOM0006	b	2022
23	Waveform 1	2	35.344551139	35.344551139	0.000	48000.000	12-ZOOM0006	b	2022
24	Waveform 1	2	35.352694033	35.352694033	0.000	48000.000	12-ZOOM0006	b	2022
25	Waveform 1	2	35.363755428	35.363755428	0.000	48000.000	12-ZOOM0006	b	2022
26	Waveform 1	2	35.372631715	35.372631715	0.000	48000.000	12-ZOOM0006	b	2022
27	Waveform 1	2	35.381919908	35.381919908	0.000	48000.000	12-ZOOM0006	b	2022
28	Waveform 1	2	35.393689706	35.393689706	0.000	48000.000	12-ZOOM0006	b	2022
29	Waveform 1	2	35.401712049	35.401712049	0.000	48000.000	12-ZOOM0006	b	2022
30	Waveform 1	2	35.412110426	35.412110426	0.000	48000.000	12-ZOOM0006	b	2022
31	Waveform 1	2	35.422694702	35.422694702	0.000	48000.000	12-ZOOM0006	b	2022
32	Waveform 1	2	35.432389836	35.432389836	0.000	48000.000	12-ZOOM0006	b	2022
33	Waveform 1	2	35.444476108	35.444476108	0.000	48000.000	12-ZOOM0006	b	2022
34	Waveform 1	2	35.962160488	35.962160488	0.000	48000.000	12-ZOOM0006	c	2022
35	Waveform 1	2	35.970107343	35.970107343	0.000	48000.000	12-ZOOM0006	c	2022
36	Waveform 1	2	35.978245178	35.978245178	0.000	48000.000	12-ZOOM0006	c	2022
37	Waveform 1	2	35.989618127	35.989618127	0.000	48000.000	12-ZOOM0006	c	2022
38	Waveform 1	2	35.997474710	35.997474710	0.000	48000.000	12-ZOOM0006	c	2022
39	Waveform 1	2	36.007250219	36.007250219	0.000	48000.000	12-ZOOM0006	c	2022
40	Waveform 1	2	36.018718613	36.018718613	0.000	48000.000	12-ZOOM0006	c	2022
41	Waveform 1	2	36.026600300	36.026600300	0.000	48000.000	12-ZOOM0006	c	2022
42	Waveform 1	2	36.036792763	36.036792763	0.000	48000.000	12-ZOOM0006	c	2022
43	Waveform 1	2	36.047191174	36.047191174	0.000	48000.000	12-ZOOM0006	c	2022
44	Waveform 1	2	36.055751020	36.055751020	0.000	48000.000	12-ZOOM0006	c	2022
45	Waveform 1	2	36.066907963	36.066907963	0.000	48000.000	12-ZOOM0006	c	2022
46	Waveform 1	2	36.075196558	36.075196558	0.000	48000.000	12-ZOOM0006	c	2022
47	Waveform 1	2	36.085479430	36.085479430	0.000	48000.000	12-ZOOM0006	c	2022
48	Waveform 1	2	36.097957515	36.097957515	0.000	48000.000	12-ZOOM0006	c	2022
49	Waveform 1	2	36.107270838	36.107270838	0.000	48000.000	12-ZOOM0006	c	2022
50	Waveform 1	2	36.120110607	36.120110607	0.000	48000.000	12-ZOOM0006	c	2022
51	Waveform 1	2	36.497772522	36.497772522	0.000	48000.000	12-ZOOM0006	d	2022
52	Waveform 1	2	36.505479562	36.505479562	0.000	48000.000	12-ZOOM0006	d	2022
53	Waveform 1	2	36.514180076	36.514180076	0.000	48000.000	12-ZOOM0006	d	2022
54	Waveform 1	2	36.524874867	36.524874867	0.000	48000.000	12-ZOOM0006	d	2022
55	Waveform 1	2	36.532570689	36.532570689	0.000	48000.000	12-ZOOM0006	d	2022
56	Waveform 1	2	36.542521937	36.542521937	0.000	48000.000	12-ZOOM0006	d	2022
57	Waveform 1	2	36.553955109	36.553955109	0.000	48000.000	12-ZOOM0006	d	2022
58	Waveform 1	2	36.561746388	36.561746388	0.000	48000.000	12-ZOOM0006	d	2022
59	Waveform 1	2	36.572350758	36.572350758	0.000	48000.000	12-ZOOM0006	d	2022
60	Waveform 1	2	36.581995658	36.581995658	0.000	48000.000	12-ZOOM0006	d	2022
61	Waveform 1	2	36.590791616	36.590791616	0.000	48000.000	12-ZOOM0006	d	2022
62	Waveform 1	2	36.602119264	36.602119264	0.000	48000.000	12-ZOOM0006	d	2022
63	Waveform 1	2	36.610593712	36.610593712	0.000	48000.000	12-ZOOM0006	d	2022
64	Waveform 1	2	36.621032310	36.621032310	0.000	48000.000	12-ZOOM0006	d	2022
65	Waveform 1	2	36.631827568	36.631827568	0.000	48000.000	12-ZOOM0006	d	2022
66	Waveform 1	2	36.641196182	36.641196182	0.000	48000.000	12-ZOOM0006	d	2022
67	Waveform 1	2	36.652885605	36.652885605	0.000	48000.000	12-ZOOM0006	d	2022
68	Waveform 1	2	37.230749537	37.230749537	0.000	48000.000	12-ZOOM0006	e	2022
69	Waveform 1	2	37.238631772	37.238631772	0.000	48000.000	12-ZOOM0006	e	2022
70	Waveform 1	2	37.247206688	37.247206688	0.000	48000.000	12-ZOOM0006	e	2022
71	Waveform 1	2	37.257966783	37.257966783	0.000	48000.000	12-ZOOM0006	e	2022
72	Waveform 1	2	37.265984115	37.265984115	0.000	48000.000	12-ZOOM0006	e	2022
73	Waveform 1	2	37.275679249	37.275679249	0.000	48000.000	12-ZOOM0006	e	2022
74	Waveform 1	2	37.287187830	37.287187830	0.000	48000.000	12-ZOOM0006	e	2022
75	Waveform 1	2	37.295205150	37.295205150	0.000	48000.000	12-ZOOM0006	e	2022
76	Waveform 1	2	37.305623653	37.305623653	0.000	48000.000	12-ZOOM0006	e	2022
77	Waveform 1	2	37.315655310	37.315655310	0.000	48000.000	12-ZOOM0006	e	2022
78	Waveform 1	2	37.324456246	37.324456246	0.000	48000.000	12-ZOOM0006	e	2022
79	Waveform 1	2	37.336030131	37.336030131	0.000	48000.000	12-ZOOM0006	e	2022
80	Waveform 1	2	37.344670352	37.344670352	0.000	48000.000	12-ZOOM0006	e	2022
81	Waveform 1	2	37.355641384	37.355641384	0.000	48000.000	12-ZOOM0006	e	2022
82	Waveform 1	2	37.366994194	37.366994194	0.000	48000.000	12-ZOOM0006	e	2022
83	Waveform 1	2	37.378693619	37.378693619	0.000	48000.000	12-ZOOM0006	e	2022
84	Waveform 1	2	37.750768011	37.750768011	0.000	48000.000	12-ZOOM0006	f	2022
85	Waveform 1	2	37.758707414	37.758707414	0.000	48000.000	12-ZOOM0006	f	2022
86	Waveform 1	2	37.767402892	37.767402892	0.000	48000.000	12-ZOOM0006	f	2022
87	Waveform 1	2	37.778122800	37.778122800	0.000	48000.000	12-ZOOM0006	f	2022
88	Waveform 1	2	37.786014547	37.786014547	0.000	48000.000	12-ZOOM0006	f	2022
89	Waveform 1	2	37.796181881	37.796181881	0.000	48000.000	12-ZOOM0006	f	2022
90	Waveform 1	2	37.807082631	37.807082631	0.000	48000.000	12-ZOOM0006	f	2022
91	Waveform 1	2	37.815185348	37.815185348	0.000	48000.000	12-ZOOM0006	f	2022
92	Waveform 1	2	37.825905210	37.825905210	0.000	48000.000	12-ZOOM0006	f	2022
93	Waveform 1	2	37.835017642	37.835017642	0.000	48000.000	12-ZOOM0006	f	2022
94	Waveform 1	2	37.844140109	37.844140109	0.000	48000.000	12-ZOOM0006	f	2022
95	Waveform 1	2	37.855834556	37.855834556	0.000	48000.000	12-ZOOM0006	f	2022
96	Waveform 1	2	37.863982484	37.863982484	0.000	48000.000	12-ZOOM0006	f	2022
97	Waveform 1	2	37.874531596	37.874531596	0.000	48000.000	12-ZOOM0006	f	2022
98	Waveform 1	2	37.885095745	37.885095745	0.000	48000.000	12-ZOOM0006	f	2022
99	Waveform 1	2	37.894931534	37.894931534	0.000	48000.000	12-ZOOM0006	f	2022
100	Waveform 1	2	37.906917338	37.906917338	0.000	48000.000	12-ZOOM0006	f	2022
101	Waveform 1	2	38.515871590	38.515871590	0.000	48000.000	12-ZOOM0006	g	2022
102	Waveform 1	2	38.523778303	38.523778303	0.000	48000.000	12-ZOOM0006	g	2022
103	Waveform 1	2	38.532398430	38.532398430	0.000	48000.000	12-ZOOM0006	g	2022
104	Waveform 1	2	38.542907367	38.542907367	0.000	48000.000	12-ZOOM0006	g	2022
105	Waveform 1	2	38.550834265	38.550834265	0.000	48000.000	12-ZOOM0006	g	2022
106	Waveform 1	2	38.560388699	38.560388699	0.000	48000.000	12-ZOOM0006	g	2022
107	Waveform 1	2	38.571897280	38.571897280	0.000	48000.000	12-ZOOM0006	g	2022
108	Waveform 1	2	38.579784003	38.579784003	0.000	48000.000	12-ZOOM0006	g	2022
109	Waveform 1	2	38.590006595	38.590006595	0.000	48000.000	12-ZOOM0006	g	2022
110	Waveform 1	2	38.600751619	38.600751619	0.000	48000.000	12-ZOOM0006	g	2022
111	Waveform 1	2	38.609045225	38.609045225	0.000	48000.000	12-ZOOM0006	g	2022
112	Waveform 1	2	38.620272496	38.620272496	0.000	48000.000	12-ZOOM0006	g	2022
113	Waveform 1	2	38.629264367	38.629264367	0.000	48000.000	12-ZOOM0006	g	2022
114	Waveform 1	2	38.639476912	38.639476912	0.000	48000.000	12-ZOOM0006	g	2022
115	Waveform 1	2	38.651070891	38.651070891	0.000	48000.000	12-ZOOM0006	g	2022
116	Waveform 1	2	38.662006713	38.662006713	0.000	48000.000	12-ZOOM0006	g	2022
117	Waveform 1	2	39.068910073	39.068910073	0.000	48000.000	12-ZOOM0006	h	2022
118	Waveform 1	2	39.076822436	39.076822436	0.000	48000.000	12-ZOOM0006	h	2022
119	Waveform 1	2	39.085472715	39.085472715	0.000	48000.000	12-ZOOM0006	h	2022
120	Waveform 1	2	39.096227787	39.096227787	0.000	48000.000	12-ZOOM0006	h	2022
121	Waveform 1	2	39.104039147	39.104039147	0.000	48000.000	12-ZOOM0006	h	2022
122	Waveform 1	2	39.113704153	39.113704153	0.000	48000.000	12-ZOOM0006	h	2022
123	Waveform 1	2	39.125227747	39.125227747	0.000	48000.000	12-ZOOM0006	h	2022
124	Waveform 1	2	39.133099354	39.133099354	0.000	48000.000	12-ZOOM0006	h	2022
125	Waveform 1	2	39.143457577	39.143457577	0.000	48000.000	12-ZOOM0006	h	2022
126	Waveform 1	2	39.153434022	39.153434022	0.000	48000.000	12-ZOOM0006	h	2022
127	Waveform 1	2	39.162059184	39.162059184	0.000	48000.000	12-ZOOM0006	h	2022
128	Waveform 1	2	39.173437111	39.173437111	0.000	48000.000	12-ZOOM0006	h	2022
129	Waveform 1	2	39.182172777	39.182172777	0.000	48000.000	12-ZOOM0006	h	2022
130	Waveform 1	2	39.192902731	39.192902731	0.000	48000.000	12-ZOOM0006	h	2022
131	Waveform 1	2	39.203994325	39.203994325	0.000	48000.000	12-ZOOM0006	h	2022
132	Waveform 1	2	39.213799882	39.213799882	0.000	48000.000	12-ZOOM0006	h	2022
133	Waveform 1	2	39.226082067	39.226082067	0.000	48000.000	12-ZOOM0006	h	2022
134	Waveform 1	2	39.731316590	39.731316590	0.000	48000.000	12-ZOOM0006	i	2022
135	Waveform 1	2	39.739134749	39.739134749	0.000	48000.000	12-ZOOM0006	i	2022
136	Waveform 1	2	39.747975860	39.747975860	0.000	48000.000	12-ZOOM0006	i	2022
137	Waveform 1	2	39.759162943	39.759162943	0.000	48000.000	12-ZOOM0006	i	2022
138	Waveform 1	2	39.766989373	39.766989373	0.000	48000.000	12-ZOOM0006	i	2022
139	Waveform 1	2	39.776764894	39.776764894	0.000	48000.000	12-ZOOM0006	i	2022
140	Waveform 1	2	39.787524977	39.787524977	0.000	48000.000	12-ZOOM0006	i	2022
141	Waveform 1	2	39.795482028	39.795482028	0.000	48000.000	12-ZOOM0006	i	2022
142	Waveform 1	2	39.805905555	39.805905555	0.000	48000.000	12-ZOOM0006	i	2022
143	Waveform 1	2	39.816042748	39.816042748	0.000	48000.000	12-ZOOM0006	i	2022
144	Waveform 1	2	39.824522233	39.824522233	0.000	48000.000	12-ZOOM0006	i	2022
145	Waveform 1	2	39.836226726	39.836226726	0.000	48000.000	12-ZOOM0006	i	2022
146	Waveform 1	2	39.844495216	39.844495216	0.000	48000.000	12-ZOOM0006	i	2022
147	Waveform 1	2	39.855280428	39.855280428	0.000	48000.000	12-ZOOM0006	i	2022
148	Waveform 1	2	39.866924641	39.866924641	0.000	48000.000	12-ZOOM0006	i	2022
149	Waveform 1	2	39.877086905	39.877086905	0.000	48000.000	12-ZOOM0006	i	2022
150	Waveform 1	2	39.890042225	39.890042225	0.000	48000.000	12-ZOOM0006	i	2022
151	Waveform 1	2	40.252480260	40.252480260	0.000	48000.000	12-ZOOM0006	j	2022
152	Waveform 1	2	40.260184839	40.260184839	0.000	48000.000	12-ZOOM0006	j	2022
153	Waveform 1	2	40.268830083	40.268830083	0.000	48000.000	12-ZOOM0006	j	2022
154	Waveform 1	2	40.279595201	40.279595201	0.000	48000.000	12-ZOOM0006	j	2022
155	Waveform 1	2	40.287436714	40.287436714	0.000	48000.000	12-ZOOM0006	j	2022
156	Waveform 1	2	40.297192129	40.297192129	0.000	48000.000	12-ZOOM0006	j	2022
157	Waveform 1	2	40.308670570	40.308670570	0.000	48000.000	12-ZOOM0006	j	2022
158	Waveform 1	2	40.316632586	40.316632586	0.000	48000.000	12-ZOOM0006	j	2022
159	Waveform 1	2	40.327096255	40.327096255	0.000	48000.000	12-ZOOM0006	j	2022
160	Waveform 1	2	40.336846647	40.336846647	0.000	48000.000	12-ZOOM0006	j	2022
161	Waveform 1	2	40.345517020	40.345517020	0.000	48000.000	12-ZOOM0006	j	2022
162	Waveform 1	2	40.356915041	40.356915041	0.000	48000.000	12-ZOOM0006	j	2022
163	Waveform 1	2	40.365278929	40.365278929	0.000	48000.000	12-ZOOM0006	j	2022
164	Waveform 1	2	40.375652176	40.375652176	0.000	48000.000	12-ZOOM0006	j	2022
165	Waveform 1	2	40.386156078	40.386156078	0.000	48000.000	12-ZOOM0006	j	2022
166	Waveform 1	2	40.395384048	40.395384048	0.000	48000.000	12-ZOOM0006	j	2022
167	Waveform 1	2	40.407354737	40.407354737	0.000	48000.000	12-ZOOM0006	j	2022
168	Waveform 1	2	40.418848248	40.418848248	0.000	48000.000	12-ZOOM0006	j	2022
