Selection	View	Channel	Begin Time (s)	End Time (s)	Low Freq (Hz)	High Freq (Hz)	file	syllable	year
1	Waveform 1	1	3.888934627	3.888934627	0.000	48000.000	12-ZOOM0013	a	2022
2	Waveform 1	1	3.897274746	3.897274746	0.000	48000.000	12-ZOOM0013	a	2022
3	Waveform 1	1	3.906720666	3.906720666	0.000	48000.000	12-ZOOM0013	a	2022
4	Waveform 1	1	3.917235936	3.917235936	0.000	48000.000	12-ZOOM0013	a	2022
5	Waveform 1	1	3.926634957	3.926634957	0.000	48000.000	12-ZOOM0013	a	2022
6	Waveform 1	1	3.938228956	3.938228956	0.000	48000.000	12-ZOOM0013	a	2022
7	Waveform 1	1	3.946661811	3.946661811	0.000	48000.000	12-ZOOM0013	a	2022
8	Waveform 1	1	3.958424654	3.958424654	0.000	48000.000	12-ZOOM0013	a	2022
9	Waveform 1	1	3.966275934	3.966275934	0.000	48000.000	12-ZOOM0013	a	2022
10	Waveform 1	1	3.977269597	3.977269597	0.000	48000.000	12-ZOOM0013	a	2022
11	Waveform 1	1	3.985327242	3.985327242	0.000	48000.000	12-ZOOM0013	a	2022
12	Waveform 1	1	3.996349045	3.996349045	0.000	48000.000	12-ZOOM0013	a	2022
13	Waveform 1	1	4.005447898	4.005447898	0.000	48000.000	12-ZOOM0013	a	2022
14	Waveform 1	1	4.016488462	4.016488462	0.000	48000.000	12-ZOOM0013	a	2022
15	Waveform 1	1	4.027894856	4.027894856	0.000	48000.000	12-ZOOM0013	a	2022
16	Waveform 1	1	4.405291105	4.405291105	0.000	48000.000	12-ZOOM0013	b	2022
17	Waveform 1	1	4.414220703	4.414220703	0.000	48000.000	12-ZOOM0013	b	2022
18	Waveform 1	1	4.423788568	4.423788568	0.000	48000.000	12-ZOOM0013	b	2022
19	Waveform 1	1	4.433731643	4.433731643	0.000	48000.000	12-ZOOM0013	b	2022
20	Waveform 1	1	4.443261987	4.443261987	0.000	48000.000	12-ZOOM0013	b	2022
21	Waveform 1	1	4.454574578	4.454574578	0.000	48000.000	12-ZOOM0013	b	2022
22	Waveform 1	1	4.463213799	4.463213799	0.000	48000.000	12-ZOOM0013	b	2022
23	Waveform 1	1	4.475070445	4.475070445	0.000	48000.000	12-ZOOM0013	b	2022
24	Waveform 1	1	4.483024907	4.483024907	0.000	48000.000	12-ZOOM0013	b	2022
25	Waveform 1	1	4.494525104	4.494525104	0.000	48000.000	12-ZOOM0013	b	2022
26	Waveform 1	1	4.502085596	4.502085596	0.000	48000.000	12-ZOOM0013	b	2022
27	Waveform 1	1	4.512891653	4.512891653	0.000	48000.000	12-ZOOM0013	b	2022
28	Waveform 1	1	4.520630358	4.520630358	0.000	48000.000	12-ZOOM0013	b	2022
29	Waveform 1	1	4.530845461	4.530845461	0.000	48000.000	12-ZOOM0013	b	2022
30	Waveform 1	1	4.540432054	4.540432054	0.000	48000.000	12-ZOOM0013	b	2022
31	Waveform 1	1	4.550543962	4.550543962	0.000	48000.000	12-ZOOM0013	b	2022
32	Waveform 1	1	4.561031103	4.561031103	0.000	48000.000	12-ZOOM0013	b	2022
33	Waveform 1	1	4.572418737	4.572418737	0.000	48000.000	12-ZOOM0013	b	2022
34	Waveform 1	1	5.141092771	5.141092771	0.000	48000.000	12-ZOOM0013	c	2022
35	Waveform 1	1	5.150148720	5.150148720	0.000	48000.000	12-ZOOM0013	c	2022
36	Waveform 1	1	5.159256953	5.159256953	0.000	48000.000	12-ZOOM0013	c	2022
37	Waveform 1	1	5.169669040	5.169669040	0.000	48000.000	12-ZOOM0013	c	2022
38	Waveform 1	1	5.178871088	5.178871088	0.000	48000.000	12-ZOOM0013	c	2022
39	Waveform 1	1	5.190221188	5.190221188	0.000	48000.000	12-ZOOM0013	c	2022
40	Waveform 1	1	5.198822888	5.198822888	0.000	48000.000	12-ZOOM0013	c	2022
41	Waveform 1	1	5.210576339	5.210576339	0.000	48000.000	12-ZOOM0013	c	2022
42	Waveform 1	1	5.218474520	5.218474520	0.000	48000.000	12-ZOOM0013	c	2022
43	Waveform 1	1	5.229974716	5.229974716	0.000	48000.000	12-ZOOM0013	c	2022
44	Waveform 1	1	5.237732194	5.237732194	0.000	48000.000	12-ZOOM0013	c	2022
45	Waveform 1	1	5.248932222	5.248932222	0.000	48000.000	12-ZOOM0013	c	2022
46	Waveform 1	1	5.257130571	5.257130571	0.000	48000.000	12-ZOOM0013	c	2022
47	Waveform 1	1	5.268396261	5.268396261	0.000	48000.000	12-ZOOM0013	c	2022
48	Waveform 1	1	5.279033474	5.279033474	0.000	48000.000	12-ZOOM0013	c	2022
49	Waveform 1	1	5.293188281	5.293188281	0.000	48000.000	12-ZOOM0013	c	2022
50	Waveform 1	1	5.656201549	5.656201549	0.000	48000.000	12-ZOOM0013	d	2022
51	Waveform 1	1	5.664871548	5.664871548	0.000	48000.000	12-ZOOM0013	d	2022
52	Waveform 1	1	5.674261188	5.674261188	0.000	48000.000	12-ZOOM0013	d	2022
53	Waveform 1	1	5.684072940	5.684072940	0.000	48000.000	12-ZOOM0013	d	2022
54	Waveform 1	1	5.693781509	5.693781509	0.000	48000.000	12-ZOOM0013	d	2022
55	Waveform 1	1	5.705028439	5.705028439	0.000	48000.000	12-ZOOM0013	d	2022
56	Waveform 1	1	5.713667659	5.713667659	0.000	48000.000	12-ZOOM0013	d	2022
57	Waveform 1	1	5.725571206	5.725571206	0.000	48000.000	12-ZOOM0013	d	2022
58	Waveform 1	1	5.733553809	5.733553809	0.000	48000.000	12-ZOOM0013	d	2022
59	Waveform 1	1	5.745100907	5.745100907	0.000	48000.000	12-ZOOM0013	d	2022
60	Waveform 1	1	5.752727061	5.752727061	0.000	48000.000	12-ZOOM0013	d	2022
61	Waveform 1	1	5.763973990	5.763973990	0.000	48000.000	12-ZOOM0013	d	2022
62	Waveform 1	1	5.771815890	5.771815890	0.000	48000.000	12-ZOOM0013	d	2022
63	Waveform 1	1	5.782678217	5.782678217	0.000	48000.000	12-ZOOM0013	d	2022
64	Waveform 1	1	5.791673887	5.791673887	0.000	48000.000	12-ZOOM0013	d	2022
65	Waveform 1	1	5.802545607	5.802545607	0.000	48000.000	12-ZOOM0013	d	2022
66	Waveform 1	1	5.812544963	5.812544963	0.000	48000.000	12-ZOOM0013	d	2022
67	Waveform 1	1	5.825020718	5.825020718	0.000	48000.000	12-ZOOM0013	d	2022
68	Waveform 1	1	6.399004026	6.399004026	0.000	48000.000	12-ZOOM0013	e	2022
69	Waveform 1	1	6.407384643	6.407384643	0.000	48000.000	12-ZOOM0013	e	2022
70	Waveform 1	1	6.416933748	6.416933748	0.000	48000.000	12-ZOOM0013	e	2022
71	Waveform 1	1	6.427373976	6.427373976	0.000	48000.000	12-ZOOM0013	e	2022
72	Waveform 1	1	6.436960602	6.436960602	0.000	48000.000	12-ZOOM0013	e	2022
73	Waveform 1	1	6.448648002	6.448648002	0.000	48000.000	12-ZOOM0013	e	2022
74	Waveform 1	1	6.457203201	6.457203201	0.000	48000.000	12-ZOOM0013	e	2022
75	Waveform 1	1	6.469050467	6.469050467	0.000	48000.000	12-ZOOM0013	e	2022
76	Waveform 1	1	6.476789184	6.476789184	0.000	48000.000	12-ZOOM0013	e	2022
77	Waveform 1	1	6.488158056	6.488158056	0.000	48000.000	12-ZOOM0013	e	2022
78	Waveform 1	1	6.496065618	6.496065618	0.000	48000.000	12-ZOOM0013	e	2022
79	Waveform 1	1	6.506890436	6.506890436	0.000	48000.000	12-ZOOM0013	e	2022
80	Waveform 1	1	6.515829825	6.515829825	0.000	48000.000	12-ZOOM0013	e	2022
81	Waveform 1	1	6.526767206	6.526767206	0.000	48000.000	12-ZOOM0013	e	2022
82	Waveform 1	1	6.537732728	6.537732728	0.000	48000.000	12-ZOOM0013	e	2022
83	Waveform 1	1	6.917550986	6.917550986	0.000	48000.000	12-ZOOM0013	f	2022
84	Waveform 1	1	6.925934756	6.925934756	0.000	48000.000	12-ZOOM0013	f	2022
85	Waveform 1	1	6.935418199	6.935418199	0.000	48000.000	12-ZOOM0013	f	2022
86	Waveform 1	1	6.945473837	6.945473837	0.000	48000.000	12-ZOOM0013	f	2022
87	Waveform 1	1	6.954797816	6.954797816	0.000	48000.000	12-ZOOM0013	f	2022
88	Waveform 1	1	6.966138548	6.966138548	0.000	48000.000	12-ZOOM0013	f	2022
89	Waveform 1	1	6.974683966	6.974683966	0.000	48000.000	12-ZOOM0013	f	2022
90	Waveform 1	1	6.986606273	6.986606273	0.000	48000.000	12-ZOOM0013	f	2022
91	Waveform 1	1	6.994363751	6.994363751	0.000	48000.000	12-ZOOM0013	f	2022
92	Waveform 1	1	7.005601300	7.005601300	0.000	48000.000	12-ZOOM0013	f	2022
93	Waveform 1	1	7.013199313	7.013199313	0.000	48000.000	12-ZOOM0013	f	2022
94	Waveform 1	1	7.023780245	7.023780245	0.000	48000.000	12-ZOOM0013	f	2022
95	Waveform 1	1	7.032128678	7.032128678	0.000	48000.000	12-ZOOM0013	f	2022
96	Waveform 1	1	7.042597047	7.042597047	0.000	48000.000	12-ZOOM0013	f	2022
97	Waveform 1	1	7.051789702	7.051789702	0.000	48000.000	12-ZOOM0013	f	2022
98	Waveform 1	1	7.062473817	7.062473817	0.000	48000.000	12-ZOOM0013	f	2022
99	Waveform 1	1	7.072810862	7.072810862	0.000	48000.000	12-ZOOM0013	f	2022
100	Waveform 1	1	7.084339199	7.084339199	0.000	48000.000	12-ZOOM0013	f	2022
101	Waveform 1	1	7.598220319	7.598220319	0.000	48000.000	12-ZOOM0013	g	2022
102	Waveform 1	1	7.606519468	7.606519468	0.000	48000.000	12-ZOOM0013	g	2022
103	Waveform 1	1	7.615843447	7.615843447	0.000	48000.000	12-ZOOM0013	g	2022
104	Waveform 1	1	7.626049169	7.626049169	0.000	48000.000	12-ZOOM0013	g	2022
105	Waveform 1	1	7.635288726	7.635288726	0.000	48000.000	12-ZOOM0013	g	2022
106	Waveform 1	1	7.647267315	7.647267315	0.000	48000.000	12-ZOOM0013	g	2022
107	Waveform 1	1	7.655503185	7.655503185	0.000	48000.000	12-ZOOM0013	g	2022
108	Waveform 1	1	7.667078423	7.667078423	0.000	48000.000	12-ZOOM0013	g	2022
109	Waveform 1	1	7.674901562	7.674901562	0.000	48000.000	12-ZOOM0013	g	2022
110	Waveform 1	1	7.685979647	7.685979647	0.000	48000.000	12-ZOOM0013	g	2022
111	Waveform 1	1	7.693981011	7.693981011	0.000	48000.000	12-ZOOM0013	g	2022
112	Waveform 1	1	7.704646365	7.704646365	0.000	48000.000	12-ZOOM0013	g	2022
113	Waveform 1	1	7.714223610	7.714223610	0.000	48000.000	12-ZOOM0013	g	2022
114	Waveform 1	1	7.725067189	7.725067189	0.000	48000.000	12-ZOOM0013	g	2022
115	Waveform 1	1	7.735610600	7.735610600	0.000	48000.000	12-ZOOM0013	g	2022
116	Waveform 1	1	7.747814315	7.747814315	0.000	48000.000	12-ZOOM0013	g	2022
117	Waveform 1	1	8.117511340	8.117511340	0.000	48000.000	12-ZOOM0013	h	2022
118	Waveform 1	1	8.125641645	8.125641645	0.000	48000.000	12-ZOOM0013	h	2022
119	Waveform 1	1	8.135143848	8.135143848	0.000	48000.000	12-ZOOM0013	h	2022
120	Waveform 1	1	8.145255768	8.145255768	0.000	48000.000	12-ZOOM0013	h	2022
121	Waveform 1	1	8.154673549	8.154673549	0.000	48000.000	12-ZOOM0013	h	2022
122	Waveform 1	1	8.165882958	8.165882958	0.000	48000.000	12-ZOOM0013	h	2022
123	Waveform 1	1	8.174700403	8.174700403	0.000	48000.000	12-ZOOM0013	h	2022
124	Waveform 1	1	8.186638186	8.186638186	0.000	48000.000	12-ZOOM0013	h	2022
125	Waveform 1	1	8.194372078	8.194372078	0.000	48000.000	12-ZOOM0013	h	2022
126	Waveform 1	1	8.205654539	8.205654539	0.000	48000.000	12-ZOOM0013	h	2022
127	Waveform 1	1	8.213169548	8.213169548	0.000	48000.000	12-ZOOM0013	h	2022
128	Waveform 1	1	8.223530049	8.223530049	0.000	48000.000	12-ZOOM0013	h	2022
129	Waveform 1	1	8.232132843	8.232132843	0.000	48000.000	12-ZOOM0013	h	2022
130	Waveform 1	1	8.242400480	8.242400480	0.000	48000.000	12-ZOOM0013	h	2022
131	Waveform 1	1	8.252542097	8.252542097	0.000	48000.000	12-ZOOM0013	h	2022
132	Waveform 1	1	8.262537787	8.262537787	0.000	48000.000	12-ZOOM0013	h	2022
133	Waveform 1	1	8.273528408	8.273528408	0.000	48000.000	12-ZOOM0013	h	2022
134	Waveform 1	1	8.284565453	8.284565453	0.000	48000.000	12-ZOOM0013	h	2022
135	Waveform 1	1	8.840393469	8.840393469	0.000	48000.000	12-ZOOM0013	i	2022
136	Waveform 1	1	8.849040071	8.849040071	0.000	48000.000	12-ZOOM0013	i	2022
137	Waveform 1	1	8.858352579	8.858352579	0.000	48000.000	12-ZOOM0013	i	2022
138	Waveform 1	1	8.868699814	8.868699814	0.000	48000.000	12-ZOOM0013	i	2022
139	Waveform 1	1	8.877713844	8.877713844	0.000	48000.000	12-ZOOM0013	i	2022
140	Waveform 1	1	8.889069270	8.889069270	0.000	48000.000	12-ZOOM0013	i	2022
141	Waveform 1	1	8.897486345	8.897486345	0.000	48000.000	12-ZOOM0013	i	2022
142	Waveform 1	1	8.908808603	8.908808603	0.000	48000.000	12-ZOOM0013	i	2022
143	Waveform 1	1	8.916622090	8.916622090	0.000	48000.000	12-ZOOM0013	i	2022
144	Waveform 1	1	8.927433580	8.927433580	0.000	48000.000	12-ZOOM0013	i	2022
145	Waveform 1	1	8.935572076	8.935572076	0.000	48000.000	12-ZOOM0013	i	2022
146	Waveform 1	1	8.946018803	8.946018803	0.000	48000.000	12-ZOOM0013	i	2022
147	Waveform 1	1	8.956041025	8.956041025	0.000	48000.000	12-ZOOM0013	i	2022
148	Waveform 1	1	8.966043348	8.966043348	0.000	48000.000	12-ZOOM0013	i	2022
149	Waveform 1	1	8.978108488	8.978108488	0.000	48000.000	12-ZOOM0013	i	2022
150	Waveform 1	1	8.991261413	8.991261413	0.000	48000.000	12-ZOOM0013	i	2022
151	Waveform 1	1	9.365913827	9.365913827	0.000	48000.000	12-ZOOM0013	j	2022
152	Waveform 1	1	9.374659412	9.374659412	0.000	48000.000	12-ZOOM0013	j	2022
153	Waveform 1	1	9.383965292	9.383965292	0.000	48000.000	12-ZOOM0013	j	2022
154	Waveform 1	1	9.394020678	9.394020678	0.000	48000.000	12-ZOOM0013	j	2022
155	Waveform 1	1	9.403658195	9.403658195	0.000	48000.000	12-ZOOM0013	j	2022
156	Waveform 1	1	9.415205929	9.415205929	0.000	48000.000	12-ZOOM0013	j	2022
157	Waveform 1	1	9.423682700	9.423682700	0.000	48000.000	12-ZOOM0013	j	2022
158	Waveform 1	1	9.435542222	9.435542222	0.000	48000.000	12-ZOOM0013	j	2022
159	Waveform 1	1	9.443236318	9.443236318	0.000	48000.000	12-ZOOM0013	j	2022
160	Waveform 1	1	9.454240199	9.454240199	0.000	48000.000	12-ZOOM0013	j	2022
161	Waveform 1	1	9.461881232	9.461881232	0.000	48000.000	12-ZOOM0013	j	2022
162	Waveform 1	1	9.472195303	9.472195303	0.000	48000.000	12-ZOOM0013	j	2022
163	Waveform 1	1	9.481434850	9.481434850	0.000	48000.000	12-ZOOM0013	j	2022
164	Waveform 1	1	9.491231560	9.491231560	0.000	48000.000	12-ZOOM0013	j	2022
165	Waveform 1	1	9.501890534	9.501890534	0.000	48000.000	12-ZOOM0013	j	2022
166	Waveform 1	1	9.511839794	9.511839794	0.000	48000.000	12-ZOOM0013	j	2022
167	Waveform 1	1	9.522704390	9.522704390	0.000	48000.000	12-ZOOM0013	j	2022
168	Waveform 1	1	9.534066450	9.534066450	0.000	48000.000	12-ZOOM0013	j	2022
