Selection	View	Channel	Begin Time (s)	End Time (s)	Low Freq (Hz)	High Freq (Hz)	file	syllable	year
1	Waveform 1	2	32.534807349	32.534807349	0.000	48000.000	5-ZOOM0007	a	2022
2	Waveform 1	2	32.542241298	32.542241298	0.000	48000.000	5-ZOOM0007	a	2022
3	Waveform 1	2	32.551436829	32.551436829	0.000	48000.000	5-ZOOM0007	a	2022
4	Waveform 1	2	32.563107388	32.563107388	0.000	48000.000	5-ZOOM0007	a	2022
5	Waveform 1	2	32.572047516	32.572047516	0.000	48000.000	5-ZOOM0007	a	2022
6	Waveform 1	2	32.582053412	32.582053412	0.000	48000.000	5-ZOOM0007	a	2022
7	Waveform 1	2	32.592816796	32.592816796	0.000	48000.000	5-ZOOM0007	a	2022
8	Waveform 1	2	32.602003548	32.602003548	0.000	48000.000	5-ZOOM0007	a	2022
9	Waveform 1	2	32.613022363	32.613022363	0.000	48000.000	5-ZOOM0007	a	2022
10	Waveform 1	2	32.621257852	32.621257852	0.000	48000.000	5-ZOOM0007	a	2022
11	Waveform 1	2	32.631069972	32.631069972	0.000	48000.000	5-ZOOM0007	a	2022
12	Waveform 1	2	32.641639579	32.641639579	0.000	48000.000	5-ZOOM0007	a	2022
13	Waveform 1	2	32.650852756	32.650852756	0.000	48000.000	5-ZOOM0007	a	2022
14	Waveform 1	2	32.661695411	32.661695411	0.000	48000.000	5-ZOOM0007	a	2022
15	Waveform 1	2	32.671160497	32.671160497	0.000	48000.000	5-ZOOM0007	a	2022
16	Waveform 1	2	32.681178735	32.681178735	0.000	48000.000	5-ZOOM0007	a	2022
17	Waveform 1	2	32.694549285	32.694549285	0.000	48000.000	5-ZOOM0007	a	2022
18	Waveform 1	2	33.028795444	33.028795444	0.000	48000.000	5-ZOOM0007	b	2022
19	Waveform 1	2	33.035991589	33.035991589	0.000	48000.000	5-ZOOM0007	b	2022
20	Waveform 1	2	33.045248806	33.045248806	0.000	48000.000	5-ZOOM0007	b	2022
21	Waveform 1	2	33.056505437	33.056505437	0.000	48000.000	5-ZOOM0007	b	2022
22	Waveform 1	2	33.065639341	33.065639341	0.000	48000.000	5-ZOOM0007	b	2022
23	Waveform 1	2	33.075495501	33.075495501	0.000	48000.000	5-ZOOM0007	b	2022
24	Waveform 1	2	33.085905686	33.085905686	0.000	48000.000	5-ZOOM0007	b	2022
25	Waveform 1	2	33.095410405	33.095410405	0.000	48000.000	5-ZOOM0007	b	2022
26	Waveform 1	2	33.107015834	33.107015834	0.000	48000.000	5-ZOOM0007	b	2022
27	Waveform 1	2	33.114682325	33.114682325	0.000	48000.000	5-ZOOM0007	b	2022
28	Waveform 1	2	33.124497088	33.124497088	0.000	48000.000	5-ZOOM0007	b	2022
29	Waveform 1	2	33.134553189	33.134553189	0.000	48000.000	5-ZOOM0007	b	2022
30	Waveform 1	2	33.143709995	33.143709995	0.000	48000.000	5-ZOOM0007	b	2022
31	Waveform 1	2	33.154535034	33.154535034	0.000	48000.000	5-ZOOM0007	b	2022
32	Waveform 1	2	33.163143981	33.163143981	0.000	48000.000	5-ZOOM0007	b	2022
33	Waveform 1	2	33.172964909	33.172964909	0.000	48000.000	5-ZOOM0007	b	2022
34	Waveform 1	2	33.184159884	33.184159884	0.000	48000.000	5-ZOOM0007	b	2022
35	Waveform 1	2	33.194068892	33.194068892	0.000	48000.000	5-ZOOM0007	b	2022
36	Waveform 1	2	33.206056599	33.206056599	0.000	48000.000	5-ZOOM0007	b	2022
37	Waveform 1	2	33.217788862	33.217788862	0.000	48000.000	5-ZOOM0007	b	2022
38	Waveform 1	2	33.628277240	33.628277240	0.000	48000.000	5-ZOOM0007	c	2022
39	Waveform 1	2	33.635658353	33.635658353	0.000	48000.000	5-ZOOM0007	c	2022
40	Waveform 1	2	33.644832775	33.644832775	0.000	48000.000	5-ZOOM0007	c	2022
41	Waveform 1	2	33.656133447	33.656133447	0.000	48000.000	5-ZOOM0007	c	2022
42	Waveform 1	2	33.665169715	33.665169715	0.000	48000.000	5-ZOOM0007	c	2022
43	Waveform 1	2	33.675426684	33.675426684	0.000	48000.000	5-ZOOM0007	c	2022
44	Waveform 1	2	33.686128321	33.686128321	0.000	48000.000	5-ZOOM0007	c	2022
45	Waveform 1	2	33.695284290	33.695284290	0.000	48000.000	5-ZOOM0007	c	2022
46	Waveform 1	2	33.706369032	33.706369032	0.000	48000.000	5-ZOOM0007	c	2022
47	Waveform 1	2	33.714745448	33.714745448	0.000	48000.000	5-ZOOM0007	c	2022
48	Waveform 1	2	33.723888161	33.723888161	0.000	48000.000	5-ZOOM0007	c	2022
49	Waveform 1	2	33.735162408	33.735162408	0.000	48000.000	5-ZOOM0007	c	2022
50	Waveform 1	2	33.744314017	33.744314017	0.000	48000.000	5-ZOOM0007	c	2022
51	Waveform 1	2	33.755121441	33.755121441	0.000	48000.000	5-ZOOM0007	c	2022
52	Waveform 1	2	33.765039168	33.765039168	0.000	48000.000	5-ZOOM0007	c	2022
53	Waveform 1	2	33.775793743	33.775793743	0.000	48000.000	5-ZOOM0007	c	2022
54	Waveform 1	2	33.789085034	33.789085034	0.000	48000.000	5-ZOOM0007	c	2022
55	Waveform 1	2	34.118020065	34.118020065	0.000	48000.000	5-ZOOM0007	d	2022
56	Waveform 1	2	34.126246746	34.126246746	0.000	48000.000	5-ZOOM0007	d	2022
57	Waveform 1	2	34.135671314	34.135671314	0.000	48000.000	5-ZOOM0007	d	2022
58	Waveform 1	2	34.147280265	34.147280265	0.000	48000.000	5-ZOOM0007	d	2022
59	Waveform 1	2	34.155956243	34.155956243	0.000	48000.000	5-ZOOM0007	d	2022
60	Waveform 1	2	34.166102978	34.166102978	0.000	48000.000	5-ZOOM0007	d	2022
61	Waveform 1	2	34.176619916	34.176619916	0.000	48000.000	5-ZOOM0007	d	2022
62	Waveform 1	2	34.185828554	34.185828554	0.000	48000.000	5-ZOOM0007	d	2022
63	Waveform 1	2	34.196724070	34.196724070	0.000	48000.000	5-ZOOM0007	d	2022
64	Waveform 1	2	34.205122744	34.205122744	0.000	48000.000	5-ZOOM0007	d	2022
65	Waveform 1	2	34.215588006	34.215588006	0.000	48000.000	5-ZOOM0007	d	2022
66	Waveform 1	2	34.224930350	34.224930350	0.000	48000.000	5-ZOOM0007	d	2022
67	Waveform 1	2	34.234129419	34.234129419	0.000	48000.000	5-ZOOM0007	d	2022
68	Waveform 1	2	34.245583121	34.245583121	0.000	48000.000	5-ZOOM0007	d	2022
69	Waveform 1	2	34.253661115	34.253661115	0.000	48000.000	5-ZOOM0007	d	2022
70	Waveform 1	2	34.264174253	34.264174253	0.000	48000.000	5-ZOOM0007	d	2022
71	Waveform 1	2	34.274357376	34.274357376	0.000	48000.000	5-ZOOM0007	d	2022
72	Waveform 1	2	34.284708688	34.284708688	0.000	48000.000	5-ZOOM0007	d	2022
73	Waveform 1	2	34.296000430	34.296000430	0.000	48000.000	5-ZOOM0007	d	2022
74	Waveform 1	2	34.308456871	34.308456871	0.000	48000.000	5-ZOOM0007	d	2022
75	Waveform 1	2	34.728014388	34.728014388	0.000	48000.000	5-ZOOM0007	e	2022
76	Waveform 1	2	34.735756059	34.735756059	0.000	48000.000	5-ZOOM0007	e	2022
77	Waveform 1	2	34.744998726	34.744998726	0.000	48000.000	5-ZOOM0007	e	2022
78	Waveform 1	2	34.756838576	34.756838576	0.000	48000.000	5-ZOOM0007	e	2022
79	Waveform 1	2	34.765234154	34.765234154	0.000	48000.000	5-ZOOM0007	e	2022
80	Waveform 1	2	34.775089675	34.775089675	0.000	48000.000	5-ZOOM0007	e	2022
81	Waveform 1	2	34.786132316	34.786132316	0.000	48000.000	5-ZOOM0007	e	2022
82	Waveform 1	2	34.795142048	34.795142048	0.000	48000.000	5-ZOOM0007	e	2022
83	Waveform 1	2	34.806329807	34.806329807	0.000	48000.000	5-ZOOM0007	e	2022
84	Waveform 1	2	34.814499354	34.814499354	0.000	48000.000	5-ZOOM0007	e	2022
85	Waveform 1	2	34.824402236	34.824402236	0.000	48000.000	5-ZOOM0007	e	2022
86	Waveform 1	2	34.835233092	34.835233092	0.000	48000.000	5-ZOOM0007	e	2022
87	Waveform 1	2	34.844027355	34.844027355	0.000	48000.000	5-ZOOM0007	e	2022
88	Waveform 1	2	34.854459606	34.854459606	0.000	48000.000	5-ZOOM0007	e	2022
89	Waveform 1	2	34.863930251	34.863930251	0.000	48000.000	5-ZOOM0007	e	2022
90	Waveform 1	2	34.874290255	34.874290255	0.000	48000.000	5-ZOOM0007	e	2022
91	Waveform 1	2	34.886491287	34.886491287	0.000	48000.000	5-ZOOM0007	e	2022
92	Waveform 1	2	34.901931033	34.901931033	0.000	48000.000	5-ZOOM0007	e	2022
93	Waveform 1	2	35.230459338	35.230459338	0.000	48000.000	5-ZOOM0007	f	2022
94	Waveform 1	2	35.237768875	35.237768875	0.000	48000.000	5-ZOOM0007	f	2022
95	Waveform 1	2	35.246924314	35.246924314	0.000	48000.000	5-ZOOM0007	f	2022
96	Waveform 1	2	35.258384243	35.258384243	0.000	48000.000	5-ZOOM0007	f	2022
97	Waveform 1	2	35.267352869	35.267352869	0.000	48000.000	5-ZOOM0007	f	2022
98	Waveform 1	2	35.278520074	35.278520074	0.000	48000.000	5-ZOOM0007	f	2022
99	Waveform 1	2	35.287494928	35.287494928	0.000	48000.000	5-ZOOM0007	f	2022
100	Waveform 1	2	35.296961836	35.296961836	0.000	48000.000	5-ZOOM0007	f	2022
101	Waveform 1	2	35.308266035	35.308266035	0.000	48000.000	5-ZOOM0007	f	2022
102	Waveform 1	2	35.316375196	35.316375196	0.000	48000.000	5-ZOOM0007	f	2022
103	Waveform 1	2	35.327156227	35.327156227	0.000	48000.000	5-ZOOM0007	f	2022
104	Waveform 1	2	35.335931805	35.335931805	0.000	48000.000	5-ZOOM0007	f	2022
105	Waveform 1	2	35.345224297	35.345224297	0.000	48000.000	5-ZOOM0007	f	2022
106	Waveform 1	2	35.356223287	35.356223287	0.000	48000.000	5-ZOOM0007	f	2022
107	Waveform 1	2	35.364793309	35.364793309	0.000	48000.000	5-ZOOM0007	f	2022
108	Waveform 1	2	35.375835923	35.375835923	0.000	48000.000	5-ZOOM0007	f	2022
109	Waveform 1	2	35.385253005	35.385253005	0.000	48000.000	5-ZOOM0007	f	2022
110	Waveform 1	2	35.395987948	35.395987948	0.000	48000.000	5-ZOOM0007	f	2022
111	Waveform 1	2	35.407481509	35.407481509	0.000	48000.000	5-ZOOM0007	f	2022
112	Waveform 1	2	35.420728878	35.420728878	0.000	48000.000	5-ZOOM0007	f	2022
113	Waveform 1	2	35.792378968	35.792378968	0.000	48000.000	5-ZOOM0007	g	2022
114	Waveform 1	2	35.799712069	35.799712069	0.000	48000.000	5-ZOOM0007	g	2022
115	Waveform 1	2	35.808840164	35.808840164	0.000	48000.000	5-ZOOM0007	g	2022
116	Waveform 1	2	35.820119450	35.820119450	0.000	48000.000	5-ZOOM0007	g	2022
117	Waveform 1	2	35.829293632	35.829293632	0.000	48000.000	5-ZOOM0007	g	2022
118	Waveform 1	2	35.839395790	35.839395790	0.000	48000.000	5-ZOOM0007	g	2022
119	Waveform 1	2	35.850214215	35.850214215	0.000	48000.000	5-ZOOM0007	g	2022
120	Waveform 1	2	35.859095647	35.859095647	0.000	48000.000	5-ZOOM0007	g	2022
121	Waveform 1	2	35.870057268	35.870057268	0.000	48000.000	5-ZOOM0007	g	2022
122	Waveform 1	2	35.878432346	35.878432346	0.000	48000.000	5-ZOOM0007	g	2022
123	Waveform 1	2	35.888237419	35.888237419	0.000	48000.000	5-ZOOM0007	g	2022
124	Waveform 1	2	35.898788033	35.898788033	0.000	48000.000	5-ZOOM0007	g	2022
125	Waveform 1	2	35.907663236	35.907663236	0.000	48000.000	5-ZOOM0007	g	2022
126	Waveform 1	2	35.918288588	35.918288588	0.000	48000.000	5-ZOOM0007	g	2022
127	Waveform 1	2	35.927686959	35.927686959	0.000	48000.000	5-ZOOM0007	g	2022
128	Waveform 1	2	35.937770458	35.937770458	0.000	48000.000	5-ZOOM0007	g	2022
129	Waveform 1	2	35.949772862	35.949772862	0.000	48000.000	5-ZOOM0007	g	2022
130	Waveform 1	2	35.962346991	35.962346991	0.000	48000.000	5-ZOOM0007	g	2022
131	Waveform 1	2	36.288669227	36.288669227	0.000	48000.000	5-ZOOM0007	h	2022
132	Waveform 1	2	36.296079650	36.296079650	0.000	48000.000	5-ZOOM0007	h	2022
133	Waveform 1	2	36.305291175	36.305291175	0.000	48000.000	5-ZOOM0007	h	2022
134	Waveform 1	2	36.317189449	36.317189449	0.000	48000.000	5-ZOOM0007	h	2022
135	Waveform 1	2	36.325794470	36.325794470	0.000	48000.000	5-ZOOM0007	h	2022
136	Waveform 1	2	36.335740948	36.335740948	0.000	48000.000	5-ZOOM0007	h	2022
137	Waveform 1	2	36.346497092	36.346497092	0.000	48000.000	5-ZOOM0007	h	2022
138	Waveform 1	2	36.355702390	36.355702390	0.000	48000.000	5-ZOOM0007	h	2022
139	Waveform 1	2	36.366645353	36.366645353	0.000	48000.000	5-ZOOM0007	h	2022
140	Waveform 1	2	36.375118241	36.375118241	0.000	48000.000	5-ZOOM0007	h	2022
141	Waveform 1	2	36.384987464	36.384987464	0.000	48000.000	5-ZOOM0007	h	2022
142	Waveform 1	2	36.395201755	36.395201755	0.000	48000.000	5-ZOOM0007	h	2022
143	Waveform 1	2	36.404338542	36.404338542	0.000	48000.000	5-ZOOM0007	h	2022
144	Waveform 1	2	36.414764592	36.414764592	0.000	48000.000	5-ZOOM0007	h	2022
145	Waveform 1	2	36.423807956	36.423807956	0.000	48000.000	5-ZOOM0007	h	2022
146	Waveform 1	2	36.433991106	36.433991106	0.000	48000.000	5-ZOOM0007	h	2022
147	Waveform 1	2	36.444878016	36.444878016	0.000	48000.000	5-ZOOM0007	h	2022
148	Waveform 1	2	36.455453542	36.455453542	0.000	48000.000	5-ZOOM0007	h	2022
149	Waveform 1	2	36.467604775	36.467604775	0.000	48000.000	5-ZOOM0007	h	2022
150	Waveform 1	2	36.881371825	36.881371825	0.000	48000.000	5-ZOOM0007	i	2022
151	Waveform 1	2	36.888691937	36.888691937	0.000	48000.000	5-ZOOM0007	i	2022
152	Waveform 1	2	36.897845540	36.897845540	0.000	48000.000	5-ZOOM0007	i	2022
153	Waveform 1	2	36.909210178	36.909210178	0.000	48000.000	5-ZOOM0007	i	2022
154	Waveform 1	2	36.918346965	36.918346965	0.000	48000.000	5-ZOOM0007	i	2022
155	Waveform 1	2	36.928386867	36.928386867	0.000	48000.000	5-ZOOM0007	i	2022
156	Waveform 1	2	36.939074475	36.939074475	0.000	48000.000	5-ZOOM0007	i	2022
157	Waveform 1	2	36.948242429	36.948242429	0.000	48000.000	5-ZOOM0007	i	2022
158	Waveform 1	2	36.958936265	36.958936265	0.000	48000.000	5-ZOOM0007	i	2022
159	Waveform 1	2	36.967537454	36.967537454	0.000	48000.000	5-ZOOM0007	i	2022
160	Waveform 1	2	36.976748979	36.976748979	0.000	48000.000	5-ZOOM0007	i	2022
161	Waveform 1	2	36.987916184	36.987916184	0.000	48000.000	5-ZOOM0007	i	2022
162	Waveform 1	2	36.997052971	36.997052971	0.000	48000.000	5-ZOOM0007	i	2022
163	Waveform 1	2	37.007273437	37.007273437	0.000	48000.000	5-ZOOM0007	i	2022
164	Waveform 1	2	37.017344453	37.017344453	0.000	48000.000	5-ZOOM0007	i	2022
165	Waveform 1	2	37.028194020	37.028194020	0.000	48000.000	5-ZOOM0007	i	2022
166	Waveform 1	2	37.039548044	37.039548044	0.000	48000.000	5-ZOOM0007	i	2022
167	Waveform 1	2	37.052035626	37.052035626	0.000	48000.000	5-ZOOM0007	i	2022
168	Waveform 1	2	37.381203046	37.381203046	0.000	48000.000	5-ZOOM0007	j	2022
169	Waveform 1	2	37.388614623	37.388614623	0.000	48000.000	5-ZOOM0007	j	2022
170	Waveform 1	2	37.397913343	37.397913343	0.000	48000.000	5-ZOOM0007	j	2022
171	Waveform 1	2	37.409317219	37.409317219	0.000	48000.000	5-ZOOM0007	j	2022
172	Waveform 1	2	37.418158790	37.418158790	0.000	48000.000	5-ZOOM0007	j	2022
173	Waveform 1	2	37.428699438	37.428699438	0.000	48000.000	5-ZOOM0007	j	2022
174	Waveform 1	2	37.438776683	37.438776683	0.000	48000.000	5-ZOOM0007	j	2022
175	Waveform 1	2	37.448399295	37.448399295	0.000	48000.000	5-ZOOM0007	j	2022
176	Waveform 1	2	37.459273749	37.459273749	0.000	48000.000	5-ZOOM0007	j	2022
177	Waveform 1	2	37.467999501	37.467999501	0.000	48000.000	5-ZOOM0007	j	2022
178	Waveform 1	2	37.479148022	37.479148022	0.000	48000.000	5-ZOOM0007	j	2022
179	Waveform 1	2	37.487668178	37.487668178	0.000	48000.000	5-ZOOM0007	j	2022
180	Waveform 1	2	37.497103945	37.497103945	0.000	48000.000	5-ZOOM0007	j	2022
181	Waveform 1	2	37.508040680	37.508040680	0.000	48000.000	5-ZOOM0007	j	2022
182	Waveform 1	2	37.517132027	37.517132027	0.000	48000.000	5-ZOOM0007	j	2022
183	Waveform 1	2	37.527510094	37.527510094	0.000	48000.000	5-ZOOM0007	j	2022
184	Waveform 1	2	37.537363150	37.537363150	0.000	48000.000	5-ZOOM0007	j	2022
185	Waveform 1	2	37.548119268	37.548119268	0.000	48000.000	5-ZOOM0007	j	2022
186	Waveform 1	2	37.559896835	37.559896835	0.000	48000.000	5-ZOOM0007	j	2022
187	Waveform 1	2	37.574003748	37.574003748	0.000	48000.000	5-ZOOM0007	j	2022
