Selection	View	Channel	Begin Time (s)	End Time (s)	Low Freq (Hz)	High Freq (Hz)	file	syllable	year
1	Waveform 1	1	3.794011222	3.794011222	0.000	48000.000	7-ZOOM0003	a	2022
2	Waveform 1	1	3.801145429	3.801145429	0.000	48000.000	7-ZOOM0003	a	2022
3	Waveform 1	1	3.809320837	3.809320837	0.000	48000.000	7-ZOOM0003	a	2022
4	Waveform 1	1	3.820053091	3.820053091	0.000	48000.000	7-ZOOM0003	a	2022
5	Waveform 1	1	3.827309376	3.827309376	0.000	48000.000	7-ZOOM0003	a	2022
6	Waveform 1	1	3.836297212	3.836297212	0.000	48000.000	7-ZOOM0003	a	2022
7	Waveform 1	1	3.846869499	3.846869499	0.000	48000.000	7-ZOOM0003	a	2022
8	Waveform 1	1	3.854331942	3.854331942	0.000	48000.000	7-ZOOM0003	a	2022
9	Waveform 1	1	3.864203337	3.864203337	0.000	48000.000	7-ZOOM0003	a	2022
10	Waveform 1	1	3.872030950	3.872030950	0.000	48000.000	7-ZOOM0003	a	2022
11	Waveform 1	1	3.880747930	3.880747930	0.000	48000.000	7-ZOOM0003	a	2022
12	Waveform 1	1	3.891443904	3.891443904	0.000	48000.000	7-ZOOM0003	a	2022
13	Waveform 1	1	3.899006473	3.899006473	0.000	48000.000	7-ZOOM0003	a	2022
14	Waveform 1	1	3.909036894	3.909036894	0.000	48000.000	7-ZOOM0003	a	2022
15	Waveform 1	1	3.918001248	3.918001248	0.000	48000.000	7-ZOOM0003	a	2022
16	Waveform 1	1	3.926535648	3.926535648	0.000	48000.000	7-ZOOM0003	a	2022
17	Waveform 1	1	3.937867720	3.937867720	0.000	48000.000	7-ZOOM0003	a	2022
18	Waveform 1	1	4.266132003	4.266132003	0.000	48000.000	7-ZOOM0003	b	2022
19	Waveform 1	1	4.273087911	4.273087911	0.000	48000.000	7-ZOOM0003	b	2022
20	Waveform 1	1	4.281681128	4.281681128	0.000	48000.000	7-ZOOM0003	b	2022
21	Waveform 1	1	4.291499439	4.291499439	0.000	48000.000	7-ZOOM0003	b	2022
22	Waveform 1	1	4.299650952	4.299650952	0.000	48000.000	7-ZOOM0003	b	2022
23	Waveform 1	1	4.309039380	4.309039380	0.000	48000.000	7-ZOOM0003	b	2022
24	Waveform 1	1	4.318651540	4.318651540	0.000	48000.000	7-ZOOM0003	b	2022
25	Waveform 1	1	4.326461484	4.326461484	0.000	48000.000	7-ZOOM0003	b	2022
26	Waveform 1	1	4.336862965	4.336862965	0.000	48000.000	7-ZOOM0003	b	2022
27	Waveform 1	1	4.344289992	4.344289992	0.000	48000.000	7-ZOOM0003	b	2022
28	Waveform 1	1	4.353383852	4.353383852	0.000	48000.000	7-ZOOM0003	b	2022
29	Waveform 1	1	4.364126939	4.364126939	0.000	48000.000	7-ZOOM0003	b	2022
30	Waveform 1	1	4.371606980	4.371606980	0.000	48000.000	7-ZOOM0003	b	2022
31	Waveform 1	1	4.381719854	4.381719854	0.000	48000.000	7-ZOOM0003	b	2022
32	Waveform 1	1	4.389706492	4.389706492	0.000	48000.000	7-ZOOM0003	b	2022
33	Waveform 1	1	4.398352799	4.398352799	0.000	48000.000	7-ZOOM0003	b	2022
34	Waveform 1	1	4.408530461	4.408530461	0.000	48000.000	7-ZOOM0003	b	2022
35	Waveform 1	1	4.417088421	4.417088421	0.000	48000.000	7-ZOOM0003	b	2022
36	Waveform 1	1	4.427218964	4.427218964	0.000	48000.000	7-ZOOM0003	b	2022
37	Waveform 1	1	4.844124463	4.844124463	0.000	48000.000	7-ZOOM0003	c	2022
38	Waveform 1	1	4.851127497	4.851127497	0.000	48000.000	7-ZOOM0003	c	2022
39	Waveform 1	1	4.859520535	4.859520535	0.000	48000.000	7-ZOOM0003	c	2022
40	Waveform 1	1	4.868855955	4.868855955	0.000	48000.000	7-ZOOM0003	c	2022
41	Waveform 1	1	4.877313781	4.877313781	0.000	48000.000	7-ZOOM0003	c	2022
42	Waveform 1	1	4.886643305	4.886643305	0.000	48000.000	7-ZOOM0003	c	2022
43	Waveform 1	1	4.896997668	4.896997668	0.000	48000.000	7-ZOOM0003	c	2022
44	Waveform 1	1	4.904689814	4.904689814	0.000	48000.000	7-ZOOM0003	c	2022
45	Waveform 1	1	4.914007564	4.914007564	0.000	48000.000	7-ZOOM0003	c	2022
46	Waveform 1	1	4.922312254	4.922312254	0.000	48000.000	7-ZOOM0003	c	2022
47	Waveform 1	1	4.931294277	4.931294277	0.000	48000.000	7-ZOOM0003	c	2022
48	Waveform 1	1	4.941925463	4.941925463	0.000	48000.000	7-ZOOM0003	c	2022
49	Waveform 1	1	4.949511592	4.949511592	0.000	48000.000	7-ZOOM0003	c	2022
50	Waveform 1	1	4.959377097	4.959377097	0.000	48000.000	7-ZOOM0003	c	2022
51	Waveform 1	1	4.968141120	4.968141120	0.000	48000.000	7-ZOOM0003	c	2022
52	Waveform 1	1	4.976763862	4.976763862	0.000	48000.000	7-ZOOM0003	c	2022
53	Waveform 1	1	4.987730693	4.987730693	0.000	48000.000	7-ZOOM0003	c	2022
54	Waveform 1	1	4.998485565	4.998485565	0.000	48000.000	7-ZOOM0003	c	2022
55	Waveform 1	1	5.321249334	5.321249334	0.000	48000.000	7-ZOOM0003	d	2022
56	Waveform 1	1	5.327934316	5.327934316	0.000	48000.000	7-ZOOM0003	d	2022
57	Waveform 1	1	5.336156549	5.336156549	0.000	48000.000	7-ZOOM0003	d	2022
58	Waveform 1	1	5.345851249	5.345851249	0.000	48000.000	7-ZOOM0003	d	2022
59	Waveform 1	1	5.353985114	5.353985114	0.000	48000.000	7-ZOOM0003	d	2022
60	Waveform 1	1	5.363220405	5.363220405	0.000	48000.000	7-ZOOM0003	d	2022
61	Waveform 1	1	5.373704339	5.373704339	0.000	48000.000	7-ZOOM0003	d	2022
62	Waveform 1	1	5.381302254	5.381302254	0.000	48000.000	7-ZOOM0003	d	2022
63	Waveform 1	1	5.391521144	5.391521144	0.000	48000.000	7-ZOOM0003	d	2022
64	Waveform 1	1	5.399083714	5.399083714	0.000	48000.000	7-ZOOM0003	d	2022
65	Waveform 1	1	5.407971505	5.407971505	0.000	48000.000	7-ZOOM0003	d	2022
66	Waveform 1	1	5.418402430	5.418402430	0.000	48000.000	7-ZOOM0003	d	2022
67	Waveform 1	1	5.425546826	5.425546826	0.000	48000.000	7-ZOOM0003	d	2022
68	Waveform 1	1	5.435536013	5.435536013	0.000	48000.000	7-ZOOM0003	d	2022
69	Waveform 1	1	5.443952616	5.443952616	0.000	48000.000	7-ZOOM0003	d	2022
70	Waveform 1	1	5.452510570	5.452510570	0.000	48000.000	7-ZOOM0003	d	2022
71	Waveform 1	1	5.462711791	5.462711791	0.000	48000.000	7-ZOOM0003	d	2022
72	Waveform 1	1	5.472218016	5.472218016	0.000	48000.000	7-ZOOM0003	d	2022
73	Waveform 1	1	5.482454576	5.482454576	0.000	48000.000	7-ZOOM0003	d	2022
74	Waveform 1	1	5.886121514	5.886121514	0.000	48000.000	7-ZOOM0003	e	2022
75	Waveform 1	1	5.893089209	5.893089209	0.000	48000.000	7-ZOOM0003	e	2022
76	Waveform 1	1	5.901482202	5.901482202	0.000	48000.000	7-ZOOM0003	e	2022
77	Waveform 1	1	5.912007355	5.912007355	0.000	48000.000	7-ZOOM0003	e	2022
78	Waveform 1	1	5.919452128	5.919452128	0.000	48000.000	7-ZOOM0003	e	2022
79	Waveform 1	1	5.928440041	5.928440041	0.000	48000.000	7-ZOOM0003	e	2022
80	Waveform 1	1	5.939200803	5.939200803	0.000	48000.000	7-ZOOM0003	e	2022
81	Waveform 1	1	5.946580788	5.946580788	0.000	48000.000	7-ZOOM0003	e	2022
82	Waveform 1	1	5.956617099	5.956617099	0.000	48000.000	7-ZOOM0003	e	2022
83	Waveform 1	1	5.964273906	5.964273906	0.000	48000.000	7-ZOOM0003	e	2022
84	Waveform 1	1	5.972849529	5.972849529	0.000	48000.000	7-ZOOM0003	e	2022
85	Waveform 1	1	5.983392367	5.983392367	0.000	48000.000	7-ZOOM0003	e	2022
86	Waveform 1	1	5.990866589	5.990866589	0.000	48000.000	7-ZOOM0003	e	2022
87	Waveform 1	1	6.000620187	6.000620187	0.000	48000.000	7-ZOOM0003	e	2022
88	Waveform 1	1	6.009879033	6.009879033	0.000	48000.000	7-ZOOM0003	e	2022
89	Waveform 1	1	6.018001138	6.018001138	0.000	48000.000	7-ZOOM0003	e	2022
90	Waveform 1	1	6.028496857	6.028496857	0.000	48000.000	7-ZOOM0003	e	2022
91	Waveform 1	1	6.039646350	6.039646350	0.000	48000.000	7-ZOOM0003	e	2022
92	Waveform 1	1	6.362728317	6.362728317	0.000	48000.000	7-ZOOM0003	f	2022
93	Waveform 1	1	6.369666568	6.369666568	0.000	48000.000	7-ZOOM0003	f	2022
94	Waveform 1	1	6.378030157	6.378030157	0.000	48000.000	7-ZOOM0003	f	2022
95	Waveform 1	1	6.388349176	6.388349176	0.000	48000.000	7-ZOOM0003	f	2022
96	Waveform 1	1	6.395829293	6.395829293	0.000	48000.000	7-ZOOM0003	f	2022
97	Waveform 1	1	6.405412080	6.405412080	0.000	48000.000	7-ZOOM0003	f	2022
98	Waveform 1	1	6.415389493	6.415389493	0.000	48000.000	7-ZOOM0003	f	2022
99	Waveform 1	1	6.423063970	6.423063970	0.000	48000.000	7-ZOOM0003	f	2022
100	Waveform 1	1	6.433276976	6.433276976	0.000	48000.000	7-ZOOM0003	f	2022
101	Waveform 1	1	6.440810096	6.440810096	0.000	48000.000	7-ZOOM0003	f	2022
102	Waveform 1	1	6.449821569	6.449821569	0.000	48000.000	7-ZOOM0003	f	2022
103	Waveform 1	1	6.460040465	6.460040465	0.000	48000.000	7-ZOOM0003	f	2022
104	Waveform 1	1	6.467732611	6.467732611	0.000	48000.000	7-ZOOM0003	f	2022
105	Waveform 1	1	6.477757137	6.477757137	0.000	48000.000	7-ZOOM0003	f	2022
106	Waveform 1	1	6.486167850	6.486167850	0.000	48000.000	7-ZOOM0003	f	2022
107	Waveform 1	1	6.494825932	6.494825932	0.000	48000.000	7-ZOOM0003	f	2022
108	Waveform 1	1	6.505380549	6.505380549	0.000	48000.000	7-ZOOM0003	f	2022
109	Waveform 1	1	6.514715963	6.514715963	0.000	48000.000	7-ZOOM0003	f	2022
110	Waveform 1	1	6.525311809	6.525311809	0.000	48000.000	7-ZOOM0003	f	2022
111	Waveform 1	1	6.952308449	6.952308449	0.000	48000.000	7-ZOOM0003	g	2022
112	Waveform 1	1	6.959476399	6.959476399	0.000	48000.000	7-ZOOM0003	g	2022
113	Waveform 1	1	6.967834098	6.967834098	0.000	48000.000	7-ZOOM0003	g	2022
114	Waveform 1	1	6.978300368	6.978300368	0.000	48000.000	7-ZOOM0003	g	2022
115	Waveform 1	1	6.985609674	6.985609674	0.000	48000.000	7-ZOOM0003	g	2022
116	Waveform 1	1	6.994691825	6.994691825	0.000	48000.000	7-ZOOM0003	g	2022
117	Waveform 1	1	7.005464366	7.005464366	0.000	48000.000	7-ZOOM0003	g	2022
118	Waveform 1	1	7.012814902	7.012814902	0.000	48000.000	7-ZOOM0003	g	2022
119	Waveform 1	1	7.022615619	7.022615619	0.000	48000.000	7-ZOOM0003	g	2022
120	Waveform 1	1	7.030790733	7.030790733	0.000	48000.000	7-ZOOM0003	g	2022
121	Waveform 1	1	7.039331022	7.039331022	0.000	48000.000	7-ZOOM0003	g	2022
122	Waveform 1	1	7.049862075	7.049862075	0.000	48000.000	7-ZOOM0003	g	2022
123	Waveform 1	1	7.057477653	7.057477653	0.000	48000.000	7-ZOOM0003	g	2022
124	Waveform 1	1	7.067089895	7.067089895	0.000	48000.000	7-ZOOM0003	g	2022
125	Waveform 1	1	7.077597389	7.077597389	0.000	48000.000	7-ZOOM0003	g	2022
126	Waveform 1	1	7.085890305	7.085890305	0.000	48000.000	7-ZOOM0003	g	2022
127	Waveform 1	1	7.096810093	7.096810093	0.000	48000.000	7-ZOOM0003	g	2022
128	Waveform 1	1	7.531987736	7.531987736	0.000	48000.000	7-ZOOM0003	h	2022
129	Waveform 1	1	7.538984881	7.538984881	0.000	48000.000	7-ZOOM0003	h	2022
130	Waveform 1	1	7.547366139	7.547366139	0.000	48000.000	7-ZOOM0003	h	2022
131	Waveform 1	1	7.557626264	7.557626264	0.000	48000.000	7-ZOOM0003	h	2022
132	Waveform 1	1	7.564894342	7.564894342	0.000	48000.000	7-ZOOM0003	h	2022
133	Waveform 1	1	7.573817466	7.573817466	0.000	48000.000	7-ZOOM0003	h	2022
134	Waveform 1	1	7.584324965	7.584324965	0.000	48000.000	7-ZOOM0003	h	2022
135	Waveform 1	1	7.591734399	7.591734399	0.000	48000.000	7-ZOOM0003	h	2022
136	Waveform 1	1	7.601705921	7.601705921	0.000	48000.000	7-ZOOM0003	h	2022
137	Waveform 1	1	7.609374508	7.609374508	0.000	48000.000	7-ZOOM0003	h	2022
138	Waveform 1	1	7.617979581	7.617979581	0.000	48000.000	7-ZOOM0003	h	2022
139	Waveform 1	1	7.628722674	7.628722674	0.000	48000.000	7-ZOOM0003	h	2022
140	Waveform 1	1	7.636167446	7.636167446	0.000	48000.000	7-ZOOM0003	h	2022
141	Waveform 1	1	7.646174308	7.646174308	0.000	48000.000	7-ZOOM0003	h	2022
142	Waveform 1	1	7.654738152	7.654738152	0.000	48000.000	7-ZOOM0003	h	2022
143	Waveform 1	1	7.663213648	7.663213648	0.000	48000.000	7-ZOOM0003	h	2022
144	Waveform 1	1	7.673456104	7.673456104	0.000	48000.000	7-ZOOM0003	h	2022
145	Waveform 1	1	7.683233261	7.683233261	0.000	48000.000	7-ZOOM0003	h	2022
146	Waveform 1	1	7.694494655	7.694494655	0.000	48000.000	7-ZOOM0003	h	2022
147	Waveform 1	1	8.242986488	8.242986488	0.000	48000.000	7-ZOOM0003	i	2022
148	Waveform 1	1	8.249795163	8.249795163	0.000	48000.000	7-ZOOM0003	i	2022
149	Waveform 1	1	8.258129302	8.258129302	0.000	48000.000	7-ZOOM0003	i	2022
150	Waveform 1	1	8.268778157	8.268778157	0.000	48000.000	7-ZOOM0003	i	2022
151	Waveform 1	1	8.276010896	8.276010896	0.000	48000.000	7-ZOOM0003	i	2022
152	Waveform 1	1	8.284992919	8.284992919	0.000	48000.000	7-ZOOM0003	i	2022
153	Waveform 1	1	8.295400214	8.295400214	0.000	48000.000	7-ZOOM0003	i	2022
154	Waveform 1	1	8.302945114	8.302945114	0.000	48000.000	7-ZOOM0003	i	2022
155	Waveform 1	1	8.312934301	8.312934301	0.000	48000.000	7-ZOOM0003	i	2022
156	Waveform 1	1	8.320496876	8.320496876	0.000	48000.000	7-ZOOM0003	i	2022
157	Waveform 1	1	8.329614365	8.329614365	0.000	48000.000	7-ZOOM0003	i	2022
158	Waveform 1	1	8.340074745	8.340074745	0.000	48000.000	7-ZOOM0003	i	2022
159	Waveform 1	1	8.347761002	8.347761002	0.000	48000.000	7-ZOOM0003	i	2022
160	Waveform 1	1	8.357862025	8.357862025	0.000	48000.000	7-ZOOM0003	i	2022
161	Waveform 1	1	8.366808709	8.366808709	0.000	48000.000	7-ZOOM0003	i	2022
162	Waveform 1	1	8.376114673	8.376114673	0.000	48000.000	7-ZOOM0003	i	2022
163	Waveform 1	1	8.388118194	8.388118194	0.000	48000.000	7-ZOOM0003	i	2022
164	Waveform 1	1	8.704166846	8.704166846	0.000	48000.000	7-ZOOM0003	j	2022
165	Waveform 1	1	8.711258152	8.711258152	0.000	48000.000	7-ZOOM0003	j	2022
166	Waveform 1	1	8.719633520	8.719633520	0.000	48000.000	7-ZOOM0003	j	2022
167	Waveform 1	1	8.730282376	8.730282376	0.000	48000.000	7-ZOOM0003	j	2022
168	Waveform 1	1	8.737591682	8.737591682	0.000	48000.000	7-ZOOM0003	j	2022
169	Waveform 1	1	8.746791629	8.746791629	0.000	48000.000	7-ZOOM0003	j	2022
170	Waveform 1	1	8.756981039	8.756981039	0.000	48000.000	7-ZOOM0003	j	2022
171	Waveform 1	1	8.764749753	8.764749753	0.000	48000.000	7-ZOOM0003	j	2022
172	Waveform 1	1	8.775033438	8.775033438	0.000	48000.000	7-ZOOM0003	j	2022
173	Waveform 1	1	8.782489990	8.782489990	0.000	48000.000	7-ZOOM0003	j	2022
174	Waveform 1	1	8.791454268	8.791454268	0.000	48000.000	7-ZOOM0003	j	2022
175	Waveform 1	1	8.802120792	8.802120792	0.000	48000.000	7-ZOOM0003	j	2022
176	Waveform 1	1	8.809636243	8.809636243	0.000	48000.000	7-ZOOM0003	j	2022
177	Waveform 1	1	8.819560647	8.819560647	0.000	48000.000	7-ZOOM0003	j	2022
178	Waveform 1	1	8.827753430	8.827753430	0.000	48000.000	7-ZOOM0003	j	2022
179	Waveform 1	1	8.836228926	8.836228926	0.000	48000.000	7-ZOOM0003	j	2022
180	Waveform 1	1	8.846235712	8.846235712	0.000	48000.000	7-ZOOM0003	j	2022
181	Waveform 1	1	8.855412100	8.855412100	0.000	48000.000	7-ZOOM0003	j	2022
182	Waveform 1	1	8.865077351	8.865077351	0.000	48000.000	7-ZOOM0003	j	2022
183	Waveform 1	1	8.876674466	8.876674466	0.000	48000.000	7-ZOOM0003	j	2022
