Selection	View	Channel	Begin Time (s)	End Time (s)	Low Freq (Hz)	High Freq (Hz)	file	syllable	year
1	Waveform 1	1	13.578995528	13.578995528	0.0	22050.0	S4A17026_20220614	a	2022
2	Waveform 1	1	13.585794910	13.585794910	0.0	22050.0	S4A17026_20220614	a	2022
3	Waveform 1	1	13.592944556	13.592944556	0.0	22050.0	S4A17026_20220614	a	2022
4	Waveform 1	1	13.603102415	13.603102415	0.0	22050.0	S4A17026_20220614	a	2022
5	Waveform 1	1	13.609582431	13.609582431	0.0	22050.0	S4A17026_20220614	a	2022
6	Waveform 1	1	13.618349507	13.618349507	0.0	22050.0	S4A17026_20220614	a	2022
7	Waveform 1	1	13.626405739	13.626405739	0.0	22050.0	S4A17026_20220614	a	2022
8	Waveform 1	1	13.633462673	13.633462673	0.0	22050.0	S4A17026_20220614	a	2022
9	Waveform 1	1	13.643641136	13.643641136	0.0	22050.0	S4A17026_20220614	a	2022
10	Waveform 1	1	13.650079939	13.650079939	0.0	22050.0	S4A17026_20220614	a	2022
11	Waveform 1	1	13.658764599	13.658764599	0.0	22050.0	S4A17026_20220614	a	2022
12	Waveform 1	1	13.667346242	13.667346242	0.0	22050.0	S4A17026_20220614	a	2022
13	Waveform 1	1	13.674197129	13.674197129	0.0	22050.0	S4A17026_20220614	a	2022
14	Waveform 1	1	13.684385895	13.684385895	0.0	22050.0	S4A17026_20220614	a	2022
15	Waveform 1	1	13.691071953	13.691071953	0.0	22050.0	S4A17026_20220614	a	2022
16	Waveform 1	1	13.699643289	13.699643289	0.0	22050.0	S4A17026_20220614	a	2022
17	Waveform 1	1	13.709224231	13.709224231	0.0	22050.0	S4A17026_20220614	a	2022
18	Waveform 1	1	13.716662338	13.716662338	0.0	22050.0	S4A17026_20220614	a	2022
19	Waveform 1	1	13.726099050	13.726099050	0.0	22050.0	S4A17026_20220614	a	2022
20	Waveform 1	1	13.735886038	13.735886038	0.0	22050.0	S4A17026_20220614	a	2022
21	Waveform 1	1	14.052706165	14.052706165	0.0	22050.0	S4A17026_20220614	b	2022
22	Waveform 1	1	14.058969833	14.058969833	0.0	22050.0	S4A17026_20220614	b	2022
23	Waveform 1	1	14.066346131	14.066346131	0.0	22050.0	S4A17026_20220614	b	2022
24	Waveform 1	1	14.075834354	14.075834354	0.0	22050.0	S4A17026_20220614	b	2022
25	Waveform 1	1	14.082571918	14.082571918	0.0	22050.0	S4A17026_20220614	b	2022
26	Waveform 1	1	14.091823197	14.091823197	0.0	22050.0	S4A17026_20220614	b	2022
27	Waveform 1	1	14.099158283	14.099158283	0.0	22050.0	S4A17026_20220614	b	2022
28	Waveform 1	1	14.106699410	14.106699410	0.0	22050.0	S4A17026_20220614	b	2022
29	Waveform 1	1	14.117156030	14.117156030	0.0	22050.0	S4A17026_20220614	b	2022
30	Waveform 1	1	14.123553629	14.123553629	0.0	22050.0	S4A17026_20220614	b	2022
31	Waveform 1	1	14.132732789	14.132732789	0.0	22050.0	S4A17026_20220614	b	2022
32	Waveform 1	1	14.139717592	14.139717592	0.0	22050.0	S4A17026_20220614	b	2022
33	Waveform 1	1	14.147135099	14.147135099	0.0	22050.0	S4A17026_20220614	b	2022
34	Waveform 1	1	14.157292958	14.157292958	0.0	22050.0	S4A17026_20220614	b	2022
35	Waveform 1	1	14.163886293	14.163886293	0.0	22050.0	S4A17026_20220614	b	2022
36	Waveform 1	1	14.172704880	14.172704880	0.0	22050.0	S4A17026_20220614	b	2022
37	Waveform 1	1	14.181080481	14.181080481	0.0	22050.0	S4A17026_20220614	b	2022
38	Waveform 1	1	14.188477379	14.188477379	0.0	22050.0	S4A17026_20220614	b	2022
39	Waveform 1	1	14.198161342	14.198161342	0.0	22050.0	S4A17026_20220614	b	2022
40	Waveform 1	1	14.206279386	14.206279386	0.0	22050.0	S4A17026_20220614	b	2022
41	Waveform 1	1	14.214572571	14.214572571	0.0	22050.0	S4A17026_20220614	b	2022
42	Waveform 1	1	14.224081398	14.224081398	0.0	22050.0	S4A17026_20220614	b	2022
43	Waveform 1	1	14.721558950	14.721558950	0.0	22050.0	S4A17026_20220614	c	2022
44	Waveform 1	1	14.728306821	14.728306821	0.0	22050.0	S4A17026_20220614	c	2022
45	Waveform 1	1	14.735631605	14.735631605	0.0	22050.0	S4A17026_20220614	c	2022
46	Waveform 1	1	14.745799766	14.745799766	0.0	22050.0	S4A17026_20220614	c	2022
47	Waveform 1	1	14.752588840	14.752588840	0.0	22050.0	S4A17026_20220614	c	2022
48	Waveform 1	1	14.761561963	14.761561963	0.0	22050.0	S4A17026_20220614	c	2022
49	Waveform 1	1	14.769752122	14.769752122	0.0	22050.0	S4A17026_20220614	c	2022
50	Waveform 1	1	14.777561101	14.777561101	0.0	22050.0	S4A17026_20220614	c	2022
51	Waveform 1	1	14.788058929	14.788058929	0.0	22050.0	S4A17026_20220614	c	2022
52	Waveform 1	1	14.794889217	14.794889217	0.0	22050.0	S4A17026_20220614	c	2022
53	Waveform 1	1	14.803738710	14.803738710	0.0	22050.0	S4A17026_20220614	c	2022
54	Waveform 1	1	14.811794942	14.811794942	0.0	22050.0	S4A17026_20220614	c	2022
55	Waveform 1	1	14.819305168	14.819305168	0.0	22050.0	S4A17026_20220614	c	2022
56	Waveform 1	1	14.829720579	14.829720579	0.0	22050.0	S4A17026_20220614	c	2022
57	Waveform 1	1	14.836581768	14.836581768	0.0	22050.0	S4A17026_20220614	c	2022
58	Waveform 1	1	14.845245824	14.845245824	0.0	22050.0	S4A17026_20220614	c	2022
59	Waveform 1	1	14.854651628	14.854651628	0.0	22050.0	S4A17026_20220614	c	2022
60	Waveform 1	1	14.862697558	14.862697558	0.0	22050.0	S4A17026_20220614	c	2022
61	Waveform 1	1	14.872330015	14.872330015	0.0	22050.0	S4A17026_20220614	c	2022
62	Waveform 1	1	15.228473216	15.228473216	0.0	22050.0	S4A17026_20220614	d	2022
63	Waveform 1	1	15.235262290	15.235262290	0.0	22050.0	S4A17026_20220614	d	2022
64	Waveform 1	1	15.242731303	15.242731303	0.0	22050.0	S4A17026_20220614	d	2022
65	Waveform 1	1	15.252487385	15.252487385	0.0	22050.0	S4A17026_20220614	d	2022
66	Waveform 1	1	15.259276459	15.259276459	0.0	22050.0	S4A17026_20220614	d	2022
67	Waveform 1	1	15.268218671	15.268218671	0.0	22050.0	S4A17026_20220614	d	2022
68	Waveform 1	1	15.276707591	15.276707591	0.0	22050.0	S4A17026_20220614	d	2022
69	Waveform 1	1	15.283877848	15.283877848	0.0	22050.0	S4A17026_20220614	d	2022
70	Waveform 1	1	15.294458092	15.294458092	0.0	22050.0	S4A17026_20220614	d	2022
71	Waveform 1	1	15.300917500	15.300917500	0.0	22050.0	S4A17026_20220614	d	2022
72	Waveform 1	1	15.309674275	15.309674275	0.0	22050.0	S4A17026_20220614	d	2022
73	Waveform 1	1	15.317514167	15.317514167	0.0	22050.0	S4A17026_20220614	d	2022
74	Waveform 1	1	15.324962576	15.324962576	0.0	22050.0	S4A17026_20220614	d	2022
75	Waveform 1	1	15.335213153	15.335213153	0.0	22050.0	S4A17026_20220614	d	2022
76	Waveform 1	1	15.342136155	15.342136155	0.0	22050.0	S4A17026_20220614	d	2022
77	Waveform 1	1	15.350944444	15.350944444	0.0	22050.0	S4A17026_20220614	d	2022
78	Waveform 1	1	15.360185417	15.360185417	0.0	22050.0	S4A17026_20220614	d	2022
79	Waveform 1	1	15.367438086	15.367438086	0.0	22050.0	S4A17026_20220614	d	2022
80	Waveform 1	1	15.376545131	15.376545131	0.0	22050.0	S4A17026_20220614	d	2022
81	Waveform 1	1	15.385806712	15.385806712	0.0	22050.0	S4A17026_20220614	d	2022
82	Waveform 1	1	15.396077894	15.396077894	0.0	22050.0	S4A17026_20220614	d	2022
83	Waveform 1	1	15.783858809	15.783858809	0.0	22050.0	S4A17026_20220614	e	2022
84	Waveform 1	1	15.790596373	15.790596373	0.0	22050.0	S4A17026_20220614	e	2022
85	Waveform 1	1	15.798065390	15.798065390	0.0	22050.0	S4A17026_20220614	e	2022
86	Waveform 1	1	15.807975999	15.807975999	0.0	22050.0	S4A17026_20220614	e	2022
87	Waveform 1	1	15.814703261	15.814703261	0.0	22050.0	S4A17026_20220614	e	2022
88	Waveform 1	1	15.823954536	15.823954536	0.0	22050.0	S4A17026_20220614	e	2022
89	Waveform 1	1	15.831928355	15.831928355	0.0	22050.0	S4A17026_20220614	e	2022
90	Waveform 1	1	15.839335555	15.839335555	0.0	22050.0	S4A17026_20220614	e	2022
91	Waveform 1	1	15.850039425	15.850039425	0.0	22050.0	S4A17026_20220614	e	2022
92	Waveform 1	1	15.856704875	15.856704875	0.0	22050.0	S4A17026_20220614	e	2022
93	Waveform 1	1	15.865945852	15.865945852	0.0	22050.0	S4A17026_20220614	e	2022
94	Waveform 1	1	15.873991782	15.873991782	0.0	22050.0	S4A17026_20220614	e	2022
95	Waveform 1	1	15.881708045	15.881708045	0.0	22050.0	S4A17026_20220614	e	2022
96	Waveform 1	1	15.891783487	15.891783487	0.0	22050.0	S4A17026_20220614	e	2022
97	Waveform 1	1	15.898582864	15.898582864	0.0	22050.0	S4A17026_20220614	e	2022
98	Waveform 1	1	15.907566288	15.907566288	0.0	22050.0	S4A17026_20220614	e	2022
99	Waveform 1	1	15.917033907	15.917033907	0.0	22050.0	S4A17026_20220614	e	2022
100	Waveform 1	1	15.924760472	15.924760472	0.0	22050.0	S4A17026_20220614	e	2022
101	Waveform 1	1	15.934320810	15.934320810	0.0	22050.0	S4A17026_20220614	e	2022
102	Waveform 1	1	15.945611899	15.945611899	0.0	22050.0	S4A17026_20220614	e	2022
103	Waveform 1	1	16.261319280	16.261319280	0.0	22050.0	S4A17026_20220614	f	2022
104	Waveform 1	1	16.268108355	16.268108355	0.0	22050.0	S4A17026_20220614	f	2022
105	Waveform 1	1	16.275742206	16.275742206	0.0	22050.0	S4A17026_20220614	f	2022
106	Waveform 1	1	16.285601304	16.285601304	0.0	22050.0	S4A17026_20220614	f	2022
107	Waveform 1	1	16.292534595	16.292534595	0.0	22050.0	S4A17026_20220614	f	2022
108	Waveform 1	1	16.302084631	16.302084631	0.0	22050.0	S4A17026_20220614	f	2022
109	Waveform 1	1	16.309378512	16.309378512	0.0	22050.0	S4A17026_20220614	f	2022
110	Waveform 1	1	16.317032963	16.317032963	0.0	22050.0	S4A17026_20220614	f	2022
111	Waveform 1	1	16.327510174	16.327510174	0.0	22050.0	S4A17026_20220614	f	2022
112	Waveform 1	1	16.334041697	16.334041697	0.0	22050.0	S4A17026_20220614	f	2022
113	Waveform 1	1	16.343159049	16.343159049	0.0	22050.0	S4A17026_20220614	f	2022
114	Waveform 1	1	16.351307999	16.351307999	0.0	22050.0	S4A17026_20220614	f	2022
115	Waveform 1	1	16.358766698	16.358766698	0.0	22050.0	S4A17026_20220614	f	2022
116	Waveform 1	1	16.368800932	16.368800932	0.0	22050.0	S4A17026_20220614	f	2022
117	Waveform 1	1	16.375600313	16.375600313	0.0	22050.0	S4A17026_20220614	f	2022
118	Waveform 1	1	16.384099535	16.384099535	0.0	22050.0	S4A17026_20220614	f	2022
119	Waveform 1	1	16.393556851	16.393556851	0.0	22050.0	S4A17026_20220614	f	2022
120	Waveform 1	1	16.401015562	16.401015562	0.0	22050.0	S4A17026_20220614	f	2022
121	Waveform 1	1	16.410163820	16.410163820	0.0	22050.0	S4A17026_20220614	f	2022
122	Waveform 1	1	16.419332678	16.419332678	0.0	22050.0	S4A17026_20220614	f	2022
123	Waveform 1	1	16.428429422	16.428429422	0.0	22050.0	S4A17026_20220614	f	2022
124	Waveform 1	1	16.857459749	16.857459749	0.0	22050.0	S4A17026_20220614	g	2022
125	Waveform 1	1	16.864217921	16.864217921	0.0	22050.0	S4A17026_20220614	g	2022
126	Waveform 1	1	16.871748747	16.871748747	0.0	22050.0	S4A17026_20220614	g	2022
127	Waveform 1	1	16.882133252	16.882133252	0.0	22050.0	S4A17026_20220614	g	2022
128	Waveform 1	1	16.888685383	16.888685383	0.0	22050.0	S4A17026_20220614	g	2022
129	Waveform 1	1	16.898204512	16.898204512	0.0	22050.0	S4A17026_20220614	g	2022
130	Waveform 1	1	16.906229838	16.906229838	0.0	22050.0	S4A17026_20220614	g	2022
131	Waveform 1	1	16.913894578	16.913894578	0.0	22050.0	S4A17026_20220614	g	2022
132	Waveform 1	1	16.924598448	16.924598448	0.0	22050.0	S4A17026_20220614	g	2022
133	Waveform 1	1	16.931336016	16.931336016	0.0	22050.0	S4A17026_20220614	g	2022
134	Waveform 1	1	16.940473968	16.940473968	0.0	22050.0	S4A17026_20220614	g	2022
135	Waveform 1	1	16.949065909	16.949065909	0.0	22050.0	S4A17026_20220614	g	2022
136	Waveform 1	1	16.956493717	16.956493717	0.0	22050.0	S4A17026_20220614	g	2022
137	Waveform 1	1	16.966847316	16.966847316	0.0	22050.0	S4A17026_20220614	g	2022
138	Waveform 1	1	16.973873339	16.973873339	0.0	22050.0	S4A17026_20220614	g	2022
139	Waveform 1	1	16.982444676	16.982444676	0.0	22050.0	S4A17026_20220614	g	2022
140	Waveform 1	1	16.992489212	16.992489212	0.0	22050.0	S4A17026_20220614	g	2022
141	Waveform 1	1	17.000864813	17.000864813	0.0	22050.0	S4A17026_20220614	g	2022
142	Waveform 1	1	17.011383245	17.011383245	0.0	22050.0	S4A17026_20220614	g	2022
143	Waveform 1	1	17.349827356	17.349827356	0.0	22050.0	S4A17026_20220614	h	2022
144	Waveform 1	1	17.356585529	17.356585529	0.0	22050.0	S4A17026_20220614	h	2022
145	Waveform 1	1	17.364342988	17.364342988	0.0	22050.0	S4A17026_20220614	h	2022
146	Waveform 1	1	17.374397826	17.374397826	0.0	22050.0	S4A17026_20220614	h	2022
147	Waveform 1	1	17.381155999	17.381155999	0.0	22050.0	S4A17026_20220614	h	2022
148	Waveform 1	1	17.390870868	17.390870868	0.0	22050.0	S4A17026_20220614	h	2022
149	Waveform 1	1	17.398762266	17.398762266	0.0	22050.0	S4A17026_20220614	h	2022
150	Waveform 1	1	17.406602142	17.406602142	0.0	22050.0	S4A17026_20220614	h	2022
151	Waveform 1	1	17.417336918	17.417336918	0.0	22050.0	S4A17026_20220614	h	2022
152	Waveform 1	1	17.424270226	17.424270226	0.0	22050.0	S4A17026_20220614	h	2022
153	Waveform 1	1	17.433655416	17.433655416	0.0	22050.0	S4A17026_20220614	h	2022
154	Waveform 1	1	17.441062616	17.441062616	0.0	22050.0	S4A17026_20220614	h	2022
155	Waveform 1	1	17.448706752	17.448706752	0.0	22050.0	S4A17026_20220614	h	2022
156	Waveform 1	1	17.459400324	17.459400324	0.0	22050.0	S4A17026_20220614	h	2022
157	Waveform 1	1	17.466137889	17.466137889	0.0	22050.0	S4A17026_20220614	h	2022
158	Waveform 1	1	17.475162505	17.475162505	0.0	22050.0	S4A17026_20220614	h	2022
159	Waveform 1	1	17.484465290	17.484465290	0.0	22050.0	S4A17026_20220614	h	2022
160	Waveform 1	1	17.492150651	17.492150651	0.0	22050.0	S4A17026_20220614	h	2022
161	Waveform 1	1	17.501886112	17.501886112	0.0	22050.0	S4A17026_20220614	h	2022
162	Waveform 1	1	17.511827627	17.511827627	0.0	22050.0	S4A17026_20220614	h	2022
163	Waveform 1	1	17.937221369	17.937221369	0.0	22050.0	S4A17026_20220614	i	2022
164	Waveform 1	1	17.943969223	17.943969223	0.0	22050.0	S4A17026_20220614	i	2022
165	Waveform 1	1	17.951788507	17.951788507	0.0	22050.0	S4A17026_20220614	i	2022
166	Waveform 1	1	17.962008166	17.962008166	0.0	22050.0	S4A17026_20220614	i	2022
167	Waveform 1	1	17.968910568	17.968910568	0.0	22050.0	S4A17026_20220614	i	2022
168	Waveform 1	1	17.978522416	17.978522416	0.0	22050.0	S4A17026_20220614	i	2022
169	Waveform 1	1	17.986115054	17.986115054	0.0	22050.0	S4A17026_20220614	i	2022
170	Waveform 1	1	17.993851917	17.993851917	0.0	22050.0	S4A17026_20220614	i	2022
171	Waveform 1	1	18.004390941	18.004390941	0.0	22050.0	S4A17026_20220614	i	2022
172	Waveform 1	1	18.011046093	18.011046093	0.0	22050.0	S4A17026_20220614	i	2022
173	Waveform 1	1	18.020503409	18.020503409	0.0	22050.0	S4A17026_20220614	i	2022
174	Waveform 1	1	18.028363902	18.028363902	0.0	22050.0	S4A17026_20220614	i	2022
175	Waveform 1	1	18.036100773	18.036100773	0.0	22050.0	S4A17026_20220614	i	2022
176	Waveform 1	1	18.046794328	18.046794328	0.0	22050.0	S4A17026_20220614	i	2022
177	Waveform 1	1	18.053882164	18.053882164	0.0	22050.0	S4A17026_20220614	i	2022
178	Waveform 1	1	18.063123124	18.063123124	0.0	22050.0	S4A17026_20220614	i	2022
179	Waveform 1	1	18.072580441	18.072580441	0.0	22050.0	S4A17026_20220614	i	2022
180	Waveform 1	1	18.080780906	18.080780906	0.0	22050.0	S4A17026_20220614	i	2022
181	Waveform 1	1	18.090846034	18.090846034	0.0	22050.0	S4A17026_20220614	i	2022
182	Waveform 1	1	18.407356987	18.407356987	0.0	22050.0	S4A17026_20220614	j	2022
183	Waveform 1	1	18.414104858	18.414104858	0.0	22050.0	S4A17026_20220614	j	2022
184	Waveform 1	1	18.421779900	18.421779900	0.0	22050.0	S4A17026_20220614	j	2022
185	Waveform 1	1	18.431896538	18.431896538	0.0	22050.0	S4A17026_20220614	j	2022
186	Waveform 1	1	18.438922561	18.438922561	0.0	22050.0	S4A17026_20220614	j	2022
187	Waveform 1	1	18.448390184	18.448390184	0.0	22050.0	S4A17026_20220614	j	2022
188	Waveform 1	1	18.456322791	18.456322791	0.0	22050.0	S4A17026_20220614	j	2022
189	Waveform 1	1	18.463987543	18.463987543	0.0	22050.0	S4A17026_20220614	j	2022
190	Waveform 1	1	18.474712017	18.474712017	0.0	22050.0	S4A17026_20220614	j	2022
191	Waveform 1	1	18.481470190	18.481470190	0.0	22050.0	S4A17026_20220614	j	2022
192	Waveform 1	1	18.490845078	18.490845078	0.0	22050.0	S4A17026_20220614	j	2022
193	Waveform 1	1	18.498509830	18.498509830	0.0	22050.0	S4A17026_20220614	j	2022
194	Waveform 1	1	18.506287893	18.506287893	0.0	22050.0	S4A17026_20220614	j	2022
195	Waveform 1	1	18.516579667	18.516579667	0.0	22050.0	S4A17026_20220614	j	2022
196	Waveform 1	1	18.523482057	18.523482057	0.0	22050.0	S4A17026_20220614	j	2022
197	Waveform 1	1	18.532620008	18.532620008	0.0	22050.0	S4A17026_20220614	j	2022
198	Waveform 1	1	18.541593127	18.541593127	0.0	22050.0	S4A17026_20220614	j	2022
199	Waveform 1	1	18.549103352	18.549103352	0.0	22050.0	S4A17026_20220614	j	2022
200	Waveform 1	1	18.558684294	18.558684294	0.0	22050.0	S4A17026_20220614	j	2022
201	Waveform 1	1	18.568193121	18.568193121	0.0	22050.0	S4A17026_20220614	j	2022
202	Waveform 1	1	18.577722552	18.577722552	0.0	22050.0	S4A17026_20220614	j	2022
