Selection	View	Channel	Begin Time (s)	End Time (s)	Low Freq (Hz)	High Freq (Hz)	file	syllable	year
1	Waveform 1	1	26.944193263	26.944193263	0.0	48000.0	06-C45-21-06	a	2021
2	Waveform 1	1	26.950921758	26.950921758	0.0	48000.0	06-C45-21-06	a	2021
3	Waveform 1	1	26.959585677	26.959585677	0.0	48000.0	06-C45-21-06	a	2021
4	Waveform 1	1	26.970147153	26.970147153	0.0	48000.0	06-C45-21-06	a	2021
5	Waveform 1	1	26.978070174	26.978070174	0.0	48000.0	06-C45-21-06	a	2021
6	Waveform 1	1	26.988760173	26.988760173	0.0	48000.0	06-C45-21-06	a	2021
7	Waveform 1	1	26.996456389	26.996456389	0.0	48000.0	06-C45-21-06	a	2021
8	Waveform 1	1	27.006579374	27.006579374	0.0	48000.0	06-C45-21-06	a	2021
9	Waveform 1	1	27.014441914	27.014441914	0.0	48000.0	06-C45-21-06	a	2021
10	Waveform 1	1	27.024466617	27.024466617	0.0	48000.0	06-C45-21-06	a	2021
11	Waveform 1	1	27.032873489	27.032873489	0.0	48000.0	06-C45-21-06	a	2021
12	Waveform 1	1	27.042542864	27.042542864	0.0	48000.0	06-C45-21-06	a	2021
13	Waveform 1	1	27.051554503	27.051554503	0.0	48000.0	06-C45-21-06	a	2021
14	Waveform 1	1	27.060702273	27.060702273	0.0	48000.0	06-C45-21-06	a	2021
15	Waveform 1	1	27.071445044	27.071445044	0.0	48000.0	06-C45-21-06	a	2021
16	Waveform 1	1	27.081424386	27.081424386	0.0	48000.0	06-C45-21-06	a	2021
17	Waveform 1	1	27.094042231	27.094042231	0.0	48000.0	06-C45-21-06	a	2021
18	Waveform 1	1	27.454289457	27.454289457	0.0	48000.0	06-C45-21-06	b	2021
19	Waveform 1	1	27.460828965	27.460828965	0.0	48000.0	06-C45-21-06	b	2021
20	Waveform 1	1	27.469364361	27.469364361	0.0	48000.0	06-C45-21-06	b	2021
21	Waveform 1	1	27.479540268	27.479540268	0.0	48000.0	06-C45-21-06	b	2021
22	Waveform 1	1	27.487417928	27.487417928	0.0	48000.0	06-C45-21-06	b	2021
23	Waveform 1	1	27.498251570	27.498251570	0.0	48000.0	06-C45-21-06	b	2021
24	Waveform 1	1	27.505720980	27.505720980	0.0	48000.0	06-C45-21-06	b	2021
25	Waveform 1	1	27.515775924	27.515775924	0.0	48000.0	06-C45-21-06	b	2021
26	Waveform 1	1	27.523872829	27.523872829	0.0	48000.0	06-C45-21-06	b	2021
27	Waveform 1	1	27.533421241	27.533421241	0.0	48000.0	06-C45-21-06	b	2021
28	Waveform 1	1	27.542319525	27.542319525	0.0	48000.0	06-C45-21-06	b	2021
29	Waveform 1	1	27.550454183	27.550454183	0.0	48000.0	06-C45-21-06	b	2021
30	Waveform 1	1	27.561166863	27.561166863	0.0	48000.0	06-C45-21-06	b	2021
31	Waveform 1	1	27.568749676	27.568749676	0.0	48000.0	06-C45-21-06	b	2021
32	Waveform 1	1	27.579311152	27.579311152	0.0	48000.0	06-C45-21-06	b	2021
33	Waveform 1	1	27.587869228	27.587869228	0.0	48000.0	06-C45-21-06	b	2021
34	Waveform 1	1	27.598627269	27.598627269	0.0	48000.0	06-C45-21-06	b	2021
35	Waveform 1	1	27.611003188	27.611003188	0.0	48000.0	06-C45-21-06	b	2021
36	Waveform 1	1	28.303056482	28.303056482	0.0	48000.0	06-C45-21-06	c	2021
37	Waveform 1	1	28.309520388	28.309520388	0.0	48000.0	06-C45-21-06	c	2021
38	Waveform 1	1	28.317821418	28.317821418	0.0	48000.0	06-C45-21-06	c	2021
39	Waveform 1	1	28.327951964	28.327951964	0.0	48000.0	06-C45-21-06	c	2021
40	Waveform 1	1	28.335874985	28.335874985	0.0	48000.0	06-C45-21-06	c	2021
41	Waveform 1	1	28.346368419	28.346368419	0.0	48000.0	06-C45-21-06	c	2021
42	Waveform 1	1	28.354109996	28.354109996	0.0	48000.0	06-C45-21-06	c	2021
43	Waveform 1	1	28.364036417	28.364036417	0.0	48000.0	06-C45-21-06	c	2021
44	Waveform 1	1	28.372465970	28.372465970	0.0	48000.0	06-C45-21-06	c	2021
45	Waveform 1	1	28.381817817	28.381817817	0.0	48000.0	06-C45-21-06	c	2021
46	Waveform 1	1	28.391230145	28.391230145	0.0	48000.0	06-C45-21-06	c	2021
47	Waveform 1	1	28.400098189	28.400098189	0.0	48000.0	06-C45-21-06	c	2021
48	Waveform 1	1	28.410856229	28.410856229	0.0	48000.0	06-C45-21-06	c	2021
49	Waveform 1	1	28.419074098	28.419074098	0.0	48000.0	06-C45-21-06	c	2021
50	Waveform 1	1	28.430399152	28.430399152	0.0	48000.0	06-C45-21-06	c	2021
51	Waveform 1	1	28.441013549	28.441013549	0.0	48000.0	06-C45-21-06	c	2021
52	Waveform 1	1	28.770869090	28.770869090	0.0	48000.0	06-C45-21-06	d	2021
53	Waveform 1	1	28.777620283	28.777620283	0.0	48000.0	06-C45-21-06	d	2021
54	Waveform 1	1	28.786291762	28.786291762	0.0	48000.0	06-C45-21-06	d	2021
55	Waveform 1	1	28.796618872	28.796618872	0.0	48000.0	06-C45-21-06	d	2021
56	Waveform 1	1	28.804292408	28.804292408	0.0	48000.0	06-C45-21-06	d	2021
57	Waveform 1	1	28.815027768	28.815027768	0.0	48000.0	06-C45-21-06	d	2021
58	Waveform 1	1	28.822769344	28.822769344	0.0	48000.0	06-C45-21-06	d	2021
59	Waveform 1	1	28.833141816	28.833141816	0.0	48000.0	06-C45-21-06	d	2021
60	Waveform 1	1	28.840830471	28.840830471	0.0	48000.0	06-C45-21-06	d	2021
61	Waveform 1	1	28.850824934	28.850824934	0.0	48000.0	06-C45-21-06	d	2021
62	Waveform 1	1	28.858589191	28.858589191	0.0	48000.0	06-C45-21-06	d	2021
63	Waveform 1	1	28.868508051	28.868508051	0.0	48000.0	06-C45-21-06	d	2021
64	Waveform 1	1	28.876680510	28.876680510	0.0	48000.0	06-C45-21-06	d	2021
65	Waveform 1	1	28.886576739	28.886576739	0.0	48000.0	06-C45-21-06	d	2021
66	Waveform 1	1	28.895013804	28.895013804	0.0	48000.0	06-C45-21-06	d	2021
67	Waveform 1	1	28.905340962	28.905340962	0.0	48000.0	06-C45-21-06	d	2021
68	Waveform 1	1	28.915365665	28.915365665	0.0	48000.0	06-C45-21-06	d	2021
69	Waveform 1	1	28.926335391	28.926335391	0.0	48000.0	06-C45-21-06	d	2021
70	Waveform 1	1	29.679678587	29.679678587	0.0	48000.0	06-C45-21-06	e	2021
71	Waveform 1	1	29.686165174	29.686165174	0.0	48000.0	06-C45-21-06	e	2021
72	Waveform 1	1	29.694768563	29.694768563	0.0	48000.0	06-C45-21-06	e	2021
73	Waveform 1	1	29.705239365	29.705239365	0.0	48000.0	06-C45-21-06	e	2021
74	Waveform 1	1	29.713071616	29.713071616	0.0	48000.0	06-C45-21-06	e	2021
75	Waveform 1	1	29.723429015	29.723429015	0.0	48000.0	06-C45-21-06	e	2021
76	Waveform 1	1	29.731246145	29.731246145	0.0	48000.0	06-C45-21-06	e	2021
77	Waveform 1	1	29.741225536	29.741225536	0.0	48000.0	06-C45-21-06	e	2021
78	Waveform 1	1	29.749700402	29.749700402	0.0	48000.0	06-C45-21-06	e	2021
79	Waveform 1	1	29.759097658	29.759097658	0.0	48000.0	06-C45-21-06	e	2021
80	Waveform 1	1	29.769061880	29.769061880	0.0	48000.0	06-C45-21-06	e	2021
81	Waveform 1	1	29.777325061	29.777325061	0.0	48000.0	06-C45-21-06	e	2021
82	Waveform 1	1	29.788287274	29.788287274	0.0	48000.0	06-C45-21-06	e	2021
83	Waveform 1	1	29.796815062	29.796815062	0.0	48000.0	06-C45-21-06	e	2021
84	Waveform 1	1	29.808223278	29.808223278	0.0	48000.0	06-C45-21-06	e	2021
85	Waveform 1	1	29.820720160	29.820720160	0.0	48000.0	06-C45-21-06	e	2021
86	Waveform 1	1	30.157289093	30.157289093	0.0	48000.0	06-C45-21-06	f	2021
87	Waveform 1	1	30.164131008	30.164131008	0.0	48000.0	06-C45-21-06	f	2021
88	Waveform 1	1	30.173044413	30.173044413	0.0	48000.0	06-C45-21-06	f	2021
89	Waveform 1	1	30.183401764	30.183401764	0.0	48000.0	06-C45-21-06	f	2021
90	Waveform 1	1	30.191309665	30.191309665	0.0	48000.0	06-C45-21-06	f	2021
91	Waveform 1	1	30.200835396	30.200835396	0.0	48000.0	06-C45-21-06	f	2021
92	Waveform 1	1	30.209703440	30.209703440	0.0	48000.0	06-C45-21-06	f	2021
93	Waveform 1	1	30.219660101	30.219660101	0.0	48000.0	06-C45-21-06	f	2021
94	Waveform 1	1	30.227764567	30.227764567	0.0	48000.0	06-C45-21-06	f	2021
95	Waveform 1	1	30.237486863	30.237486863	0.0	48000.0	06-C45-21-06	f	2021
96	Waveform 1	1	30.246090252	30.246090252	0.0	48000.0	06-C45-21-06	f	2021
97	Waveform 1	1	30.254746610	30.254746610	0.0	48000.0	06-C45-21-06	f	2021
98	Waveform 1	1	30.265005679	30.265005679	0.0	48000.0	06-C45-21-06	f	2021
99	Waveform 1	1	30.272989181	30.272989181	0.0	48000.0	06-C45-21-06	f	2021
100	Waveform 1	1	30.283762342	30.283762342	0.0	48000.0	06-C45-21-06	f	2021
101	Waveform 1	1	30.292146535	30.292146535	0.0	48000.0	06-C45-21-06	f	2021
102	Waveform 1	1	30.302813853	30.302813853	0.0	48000.0	06-C45-21-06	f	2021
103	Waveform 1	1	30.314365713	30.314365713	0.0	48000.0	06-C45-21-06	f	2021
104	Waveform 1	1	31.003047214	31.003047214	0.0	48000.0	06-C45-21-06	g	2021
105	Waveform 1	1	31.009745486	31.009745486	0.0	48000.0	06-C45-21-06	g	2021
106	Waveform 1	1	31.018311074	31.018311074	0.0	48000.0	06-C45-21-06	g	2021
107	Waveform 1	1	31.029182517	31.029182517	0.0	48000.0	06-C45-21-06	g	2021
108	Waveform 1	1	31.036704849	31.036704849	0.0	48000.0	06-C45-21-06	g	2021
109	Waveform 1	1	31.047243644	31.047243644	0.0	48000.0	06-C45-21-06	g	2021
110	Waveform 1	1	31.055257388	31.055257388	0.0	48000.0	06-C45-21-06	g	2021
111	Waveform 1	1	31.065009924	31.065009924	0.0	48000.0	06-C45-21-06	g	2021
112	Waveform 1	1	31.074014051	31.074014051	0.0	48000.0	06-C45-21-06	g	2021
113	Waveform 1	1	31.083509542	31.083509542	0.0	48000.0	06-C45-21-06	g	2021
114	Waveform 1	1	31.093541805	31.093541805	0.0	48000.0	06-C45-21-06	g	2021
115	Waveform 1	1	31.101706752	31.101706752	0.0	48000.0	06-C45-21-06	g	2021
116	Waveform 1	1	31.113046926	31.113046926	0.0	48000.0	06-C45-21-06	g	2021
117	Waveform 1	1	31.121665484	31.121665484	0.0	48000.0	06-C45-21-06	g	2021
118	Waveform 1	1	31.133119061	31.133119061	0.0	48000.0	06-C45-21-06	g	2021
119	Waveform 1	1	31.144610439	31.144610439	0.0	48000.0	06-C45-21-06	g	2021
120	Waveform 1	1	31.477936103	31.477936103	0.0	48000.0	06-C45-21-06	h	2021
121	Waveform 1	1	31.484649447	31.484649447	0.0	48000.0	06-C45-21-06	h	2021
122	Waveform 1	1	31.493268005	31.493268005	0.0	48000.0	06-C45-21-06	h	2021
123	Waveform 1	1	31.503519513	31.503519513	0.0	48000.0	06-C45-21-06	h	2021
124	Waveform 1	1	31.511533257	31.511533257	0.0	48000.0	06-C45-21-06	h	2021
125	Waveform 1	1	31.522805390	31.522805390	0.0	48000.0	06-C45-21-06	h	2021
126	Waveform 1	1	31.530047994	31.530047994	0.0	48000.0	06-C45-21-06	h	2021
127	Waveform 1	1	31.540095378	31.540095378	0.0	48000.0	06-C45-21-06	h	2021
128	Waveform 1	1	31.548199844	31.548199844	0.0	48000.0	06-C45-21-06	h	2021
129	Waveform 1	1	31.557634853	31.557634853	0.0	48000.0	06-C45-21-06	h	2021
130	Waveform 1	1	31.566669220	31.566669220	0.0	48000.0	06-C45-21-06	h	2021
131	Waveform 1	1	31.574962642	31.574962642	0.0	48000.0	06-C45-21-06	h	2021
132	Waveform 1	1	31.585667761	31.585667761	0.0	48000.0	06-C45-21-06	h	2021
133	Waveform 1	1	31.593454699	31.593454699	0.0	48000.0	06-C45-21-06	h	2021
134	Waveform 1	1	31.604401744	31.604401744	0.0	48000.0	06-C45-21-06	h	2021
135	Waveform 1	1	31.612944700	31.612944700	0.0	48000.0	06-C45-21-06	h	2021
136	Waveform 1	1	31.623816143	31.623816143	0.0	48000.0	06-C45-21-06	h	2021
137	Waveform 1	1	31.635231920	31.635231920	0.0	48000.0	06-C45-21-06	h	2021
138	Waveform 1	1	32.354136539	32.354136539	0.0	48000.0	06-C45-21-06	i	2021
139	Waveform 1	1	32.360804570	32.360804570	0.0	48000.0	06-C45-21-06	i	2021
140	Waveform 1	1	32.369309677	32.369309677	0.0	48000.0	06-C45-21-06	i	2021
141	Waveform 1	1	32.379765310	32.379765310	0.0	48000.0	06-C45-21-06	i	2021
142	Waveform 1	1	32.387658091	32.387658091	0.0	48000.0	06-C45-21-06	i	2021
143	Waveform 1	1	32.398605136	32.398605136	0.0	48000.0	06-C45-21-06	i	2021
144	Waveform 1	1	32.406112347	32.406112347	0.0	48000.0	06-C45-21-06	i	2021
145	Waveform 1	1	32.416053739	32.416053739	0.0	48000.0	06-C45-21-06	i	2021
146	Waveform 1	1	32.424710097	32.424710097	0.0	48000.0	06-C45-21-06	i	2021
147	Waveform 1	1	32.434137546	32.434137546	0.0	48000.0	06-C45-21-06	i	2021
148	Waveform 1	1	32.443678446	32.443678446	0.0	48000.0	06-C45-21-06	i	2021
149	Waveform 1	1	32.452183553	32.452183553	0.0	48000.0	06-C45-21-06	i	2021
150	Waveform 1	1	32.463319453	32.463319453	0.0	48000.0	06-C45-21-06	i	2021
151	Waveform 1	1	32.471801927	32.471801927	0.0	48000.0	06-C45-21-06	i	2021
152	Waveform 1	1	32.483875439	32.483875439	0.0	48000.0	06-C45-21-06	i	2021
153	Waveform 1	1	32.495487780	32.495487780	0.0	48000.0	06-C45-21-06	i	2021
154	Waveform 1	1	32.829642073	32.829642073	0.0	48000.0	06-C45-21-06	j	2021
155	Waveform 1	1	32.836476380	32.836476380	0.0	48000.0	06-C45-21-06	j	2021
156	Waveform 1	1	32.845344424	32.845344424	0.0	48000.0	06-C45-21-06	j	2021
157	Waveform 1	1	32.855663974	32.855663974	0.0	48000.0	06-C45-21-06	j	2021
158	Waveform 1	1	32.863692837	32.863692837	0.0	48000.0	06-C45-21-06	j	2021
159	Waveform 1	1	32.874723045	32.874723045	0.0	48000.0	06-C45-21-06	j	2021
160	Waveform 1	1	32.882237816	32.882237816	0.0	48000.0	06-C45-21-06	j	2021
161	Waveform 1	1	32.892277490	32.892277490	0.0	48000.0	06-C45-21-06	j	2021
162	Waveform 1	1	32.900570960	32.900570960	0.0	48000.0	06-C45-21-06	j	2021
163	Waveform 1	1	32.910376418	32.910376418	0.0	48000.0	06-C45-21-06	j	2021
164	Waveform 1	1	32.918790701	32.918790701	0.0	48000.0	06-C45-21-06	j	2021
165	Waveform 1	1	32.927976224	32.927976224	0.0	48000.0	06-C45-21-06	j	2021
166	Waveform 1	1	32.937426204	32.937426204	0.0	48000.0	06-C45-21-06	j	2021
167	Waveform 1	1	32.945780155	32.945780155	0.0	48000.0	06-C45-21-06	j	2021
168	Waveform 1	1	32.956757291	32.956757291	0.0	48000.0	06-C45-21-06	j	2021
169	Waveform 1	1	32.965526903	32.965526903	0.0	48000.0	06-C45-21-06	j	2021
170	Waveform 1	1	32.976534280	32.976534280	0.0	48000.0	06-C45-21-06	j	2021
171	Waveform 1	1	32.988358157	32.988358157	0.0	48000.0	06-C45-21-06	j	2021
