Selection	View	Channel	Begin Time (s)	End Time (s)	Low Freq (Hz)	High Freq (Hz)	file	syllable	year
1	Waveform 1	2	27.726917949	27.726917949	0.0	48000.0	12-CottageRowe-Unconfirmed	a	2021
2	Waveform 1	2	27.733818121	27.733818121	0.0	48000.0	12-CottageRowe-Unconfirmed	a	2021
3	Waveform 1	2	27.742902098	27.742902098	0.0	48000.0	12-CottageRowe-Unconfirmed	a	2021
4	Waveform 1	2	27.753426200	27.753426200	0.0	48000.0	12-CottageRowe-Unconfirmed	a	2021
5	Waveform 1	2	27.761543542	27.761543542	0.0	48000.0	12-CottageRowe-Unconfirmed	a	2021
6	Waveform 1	2	27.772439597	27.772439597	0.0	48000.0	12-CottageRowe-Unconfirmed	a	2021
7	Waveform 1	2	27.779426492	27.779426492	0.0	48000.0	12-CottageRowe-Unconfirmed	a	2021
8	Waveform 1	2	27.789447362	27.789447362	0.0	48000.0	12-CottageRowe-Unconfirmed	a	2021
9	Waveform 1	2	27.799993344	27.799993344	0.0	48000.0	12-CottageRowe-Unconfirmed	a	2021
10	Waveform 1	2	27.807585575	27.807585575	0.0	48000.0	12-CottageRowe-Unconfirmed	a	2021
11	Waveform 1	2	27.818693134	27.818693134	0.0	48000.0	12-CottageRowe-Unconfirmed	a	2021
12	Waveform 1	2	27.826555214	27.826555214	0.0	48000.0	12-CottageRowe-Unconfirmed	a	2021
13	Waveform 1	2	27.836495859	27.836495859	0.0	48000.0	12-CottageRowe-Unconfirmed	a	2021
14	Waveform 1	2	27.844613202	27.844613202	0.0	48000.0	12-CottageRowe-Unconfirmed	a	2021
15	Waveform 1	2	27.854495501	27.854495501	0.0	48000.0	12-CottageRowe-Unconfirmed	a	2021
16	Waveform 1	2	27.866113585	27.866113585	0.0	48000.0	12-CottageRowe-Unconfirmed	a	2021
17	Waveform 1	2	27.876280319	27.876280319	0.0	48000.0	12-CottageRowe-Unconfirmed	a	2021
18	Waveform 1	2	28.151584404	28.151584404	0.0	48000.0	12-CottageRowe-Unconfirmed	b	2021
19	Waveform 1	2	28.158680697	28.158680697	0.0	48000.0	12-CottageRowe-Unconfirmed	b	2021
20	Waveform 1	2	28.168701567	28.168701567	0.0	48000.0	12-CottageRowe-Unconfirmed	b	2021
21	Waveform 1	2	28.178248379	28.178248379	0.0	48000.0	12-CottageRowe-Unconfirmed	b	2021
22	Waveform 1	2	28.186467827	28.186467827	0.0	48000.0	12-CottageRowe-Unconfirmed	b	2021
23	Waveform 1	2	28.198158842	28.198158842	0.0	48000.0	12-CottageRowe-Unconfirmed	b	2021
24	Waveform 1	2	28.205539570	28.205539570	0.0	48000.0	12-CottageRowe-Unconfirmed	b	2021
25	Waveform 1	2	28.215049916	28.215049916	0.0	48000.0	12-CottageRowe-Unconfirmed	b	2021
26	Waveform 1	2	28.222795305	28.222795305	0.0	48000.0	12-CottageRowe-Unconfirmed	b	2021
27	Waveform 1	2	28.232006629	28.232006629	0.0	48000.0	12-CottageRowe-Unconfirmed	b	2021
28	Waveform 1	2	28.242953737	28.242953737	0.0	48000.0	12-CottageRowe-Unconfirmed	b	2021
29	Waveform 1	2	28.250421984	28.250421984	0.0	48000.0	12-CottageRowe-Unconfirmed	b	2021
30	Waveform 1	2	28.260603304	28.260603304	0.0	48000.0	12-CottageRowe-Unconfirmed	b	2021
31	Waveform 1	2	28.267787116	28.267787116	0.0	48000.0	12-CottageRowe-Unconfirmed	b	2021
32	Waveform 1	2	28.277370394	28.277370394	0.0	48000.0	12-CottageRowe-Unconfirmed	b	2021
33	Waveform 1	2	28.286341042	28.286341042	0.0	48000.0	12-CottageRowe-Unconfirmed	b	2021
34	Waveform 1	2	28.294035378	28.294035378	0.0	48000.0	12-CottageRowe-Unconfirmed	b	2021
35	Waveform 1	2	28.305193989	28.305193989	0.0	48000.0	12-CottageRowe-Unconfirmed	b	2021
36	Waveform 1	2	28.312713289	28.312713289	0.0	48000.0	12-CottageRowe-Unconfirmed	b	2021
37	Waveform 1	2	28.322850850	28.322850850	0.0	48000.0	12-CottageRowe-Unconfirmed	b	2021
38	Waveform 1	2	28.334133446	28.334133446	0.0	48000.0	12-CottageRowe-Unconfirmed	b	2021
39	Waveform 1	2	28.881029372	28.881029372	0.0	48000.0	12-CottageRowe-Unconfirmed	c	2021
40	Waveform 1	2	28.887476569	28.887476569	0.0	48000.0	12-CottageRowe-Unconfirmed	c	2021
41	Waveform 1	2	28.897205712	28.897205712	0.0	48000.0	12-CottageRowe-Unconfirmed	c	2021
42	Waveform 1	2	28.907904850	28.907904850	0.0	48000.0	12-CottageRowe-Unconfirmed	c	2021
43	Waveform 1	2	28.915095955	28.915095955	0.0	48000.0	12-CottageRowe-Unconfirmed	c	2021
44	Waveform 1	2	28.926079529	28.926079529	0.0	48000.0	12-CottageRowe-Unconfirmed	c	2021
45	Waveform 1	2	28.932971612	28.932971612	0.0	48000.0	12-CottageRowe-Unconfirmed	c	2021
46	Waveform 1	2	28.943138347	28.943138347	0.0	48000.0	12-CottageRowe-Unconfirmed	c	2021
47	Waveform 1	2	28.953356134	28.953356134	0.0	48000.0	12-CottageRowe-Unconfirmed	c	2021
48	Waveform 1	2	28.961014004	28.961014004	0.0	48000.0	12-CottageRowe-Unconfirmed	c	2021
49	Waveform 1	2	28.972909230	28.972909230	0.0	48000.0	12-CottageRowe-Unconfirmed	c	2021
50	Waveform 1	2	28.979859658	28.979859658	0.0	48000.0	12-CottageRowe-Unconfirmed	c	2021
51	Waveform 1	2	28.990048272	28.990048272	0.0	48000.0	12-CottageRowe-Unconfirmed	c	2021
52	Waveform 1	2	28.997866593	28.997866593	0.0	48000.0	12-CottageRowe-Unconfirmed	c	2021
53	Waveform 1	2	29.007727013	29.007727013	0.0	48000.0	12-CottageRowe-Unconfirmed	c	2021
54	Waveform 1	2	29.019162766	29.019162766	0.0	48000.0	12-CottageRowe-Unconfirmed	c	2021
55	Waveform 1	2	29.028505368	29.028505368	0.0	48000.0	12-CottageRowe-Unconfirmed	c	2021
56	Waveform 1	2	29.324317959	29.324317959	0.0	48000.0	12-CottageRowe-Unconfirmed	d	2021
57	Waveform 1	2	29.331239215	29.331239215	0.0	48000.0	12-CottageRowe-Unconfirmed	d	2021
58	Waveform 1	2	29.340370314	29.340370314	0.0	48000.0	12-CottageRowe-Unconfirmed	d	2021
59	Waveform 1	2	29.350551634	29.350551634	0.0	48000.0	12-CottageRowe-Unconfirmed	d	2021
60	Waveform 1	2	29.359084690	29.359084690	0.0	48000.0	12-CottageRowe-Unconfirmed	d	2021
61	Waveform 1	2	29.370192249	29.370192249	0.0	48000.0	12-CottageRowe-Unconfirmed	d	2021
62	Waveform 1	2	29.377397940	29.377397940	0.0	48000.0	12-CottageRowe-Unconfirmed	d	2021
63	Waveform 1	2	29.386842647	29.386842647	0.0	48000.0	12-CottageRowe-Unconfirmed	d	2021
64	Waveform 1	2	29.396717653	29.396717653	0.0	48000.0	12-CottageRowe-Unconfirmed	d	2021
65	Waveform 1	2	29.404834996	29.404834996	0.0	48000.0	12-CottageRowe-Unconfirmed	d	2021
66	Waveform 1	2	29.416139471	29.416139471	0.0	48000.0	12-CottageRowe-Unconfirmed	d	2021
67	Waveform 1	2	29.423476440	29.423476440	0.0	48000.0	12-CottageRowe-Unconfirmed	d	2021
68	Waveform 1	2	29.433905730	29.433905730	0.0	48000.0	12-CottageRowe-Unconfirmed	d	2021
69	Waveform 1	2	29.440659242	29.440659242	0.0	48000.0	12-CottageRowe-Unconfirmed	d	2021
70	Waveform 1	2	29.450862443	29.450862443	0.0	48000.0	12-CottageRowe-Unconfirmed	d	2021
71	Waveform 1	2	29.459869557	29.459869557	0.0	48000.0	12-CottageRowe-Unconfirmed	d	2021
72	Waveform 1	2	29.467797276	29.467797276	0.0	48000.0	12-CottageRowe-Unconfirmed	d	2021
73	Waveform 1	2	29.478569347	29.478569347	0.0	48000.0	12-CottageRowe-Unconfirmed	d	2021
74	Waveform 1	2	29.486307443	29.486307443	0.0	48000.0	12-CottageRowe-Unconfirmed	d	2021
75	Waveform 1	2	29.497152446	29.497152446	0.0	48000.0	12-CottageRowe-Unconfirmed	d	2021
76	Waveform 1	2	29.507764066	29.507764066	0.0	48000.0	12-CottageRowe-Unconfirmed	d	2021
77	Waveform 1	2	30.011396671	30.011396671	0.0	48000.0	12-CottageRowe-Unconfirmed	e	2021
78	Waveform 1	2	30.018281461	30.018281461	0.0	48000.0	12-CottageRowe-Unconfirmed	e	2021
79	Waveform 1	2	30.027135418	30.027135418	0.0	48000.0	12-CottageRowe-Unconfirmed	e	2021
80	Waveform 1	2	30.038221097	30.038221097	0.0	48000.0	12-CottageRowe-Unconfirmed	e	2021
81	Waveform 1	2	30.046083177	30.046083177	0.0	48000.0	12-CottageRowe-Unconfirmed	e	2021
82	Waveform 1	2	30.057052165	30.057052165	0.0	48000.0	12-CottageRowe-Unconfirmed	e	2021
83	Waveform 1	2	30.064031767	30.064031767	0.0	48000.0	12-CottageRowe-Unconfirmed	e	2021
84	Waveform 1	2	30.073979705	30.073979705	0.0	48000.0	12-CottageRowe-Unconfirmed	e	2021
85	Waveform 1	2	30.082979525	30.082979525	0.0	48000.0	12-CottageRowe-Unconfirmed	e	2021
86	Waveform 1	2	30.091629273	30.091629273	0.0	48000.0	12-CottageRowe-Unconfirmed	e	2021
87	Waveform 1	2	30.102962921	30.102962921	0.0	48000.0	12-CottageRowe-Unconfirmed	e	2021
88	Waveform 1	2	30.109869590	30.109869590	0.0	48000.0	12-CottageRowe-Unconfirmed	e	2021
89	Waveform 1	2	30.120204069	30.120204069	0.0	48000.0	12-CottageRowe-Unconfirmed	e	2021
90	Waveform 1	2	30.127898405	30.127898405	0.0	48000.0	12-CottageRowe-Unconfirmed	e	2021
91	Waveform 1	2	30.137846343	30.137846343	0.0	48000.0	12-CottageRowe-Unconfirmed	e	2021
92	Waveform 1	2	30.148180822	30.148180822	0.0	48000.0	12-CottageRowe-Unconfirmed	e	2021
93	Waveform 1	2	30.156852448	30.156859741	0.0	48000.0	12-CottageRowe-Unconfirmed	e	2021
94	Waveform 1	2	30.169309250	30.169309250	0.0	48000.0	12-CottageRowe-Unconfirmed	e	2021
95	Waveform 1	2	30.465792816	30.465792816	0.0	48000.0	12-CottageRowe-Unconfirmed	f	2021
96	Waveform 1	2	30.472422344	30.472422344	0.0	48000.0	12-CottageRowe-Unconfirmed	f	2021
97	Waveform 1	2	30.481750360	30.481750360	0.0	48000.0	12-CottageRowe-Unconfirmed	f	2021
98	Waveform 1	2	30.493149647	30.493149647	0.0	48000.0	12-CottageRowe-Unconfirmed	f	2021
99	Waveform 1	2	30.500719998	30.500719998	0.0	48000.0	12-CottageRowe-Unconfirmed	f	2021
100	Waveform 1	2	30.511696279	30.511696279	0.0	48000.0	12-CottageRowe-Unconfirmed	f	2021
101	Waveform 1	2	30.518996782	30.518996782	0.0	48000.0	12-CottageRowe-Unconfirmed	f	2021
102	Waveform 1	2	30.529156223	30.529156223	0.0	48000.0	12-CottageRowe-Unconfirmed	f	2021
103	Waveform 1	2	30.537645520	30.537645520	0.0	48000.0	12-CottageRowe-Unconfirmed	f	2021
104	Waveform 1	2	30.547214211	30.547214211	0.0	48000.0	12-CottageRowe-Unconfirmed	f	2021
105	Waveform 1	2	30.557694554	30.557694554	0.0	48000.0	12-CottageRowe-Unconfirmed	f	2021
106	Waveform 1	2	30.564644983	30.564644983	0.0	48000.0	12-CottageRowe-Unconfirmed	f	2021
107	Waveform 1	2	30.575212844	30.575212844	0.0	48000.0	12-CottageRowe-Unconfirmed	f	2021
108	Waveform 1	2	30.582885301	30.582885301	0.0	48000.0	12-CottageRowe-Unconfirmed	f	2021
109	Waveform 1	2	30.592381060	30.592381060	0.0	48000.0	12-CottageRowe-Unconfirmed	f	2021
110	Waveform 1	2	30.601774335	30.601774335	0.0	48000.0	12-CottageRowe-Unconfirmed	f	2021
111	Waveform 1	2	30.609672881	30.609672881	0.0	48000.0	12-CottageRowe-Unconfirmed	f	2021
112	Waveform 1	2	30.613195501	30.613195501	0.0	48000.0	12-CottageRowe-Unconfirmed	f	2021
113	Waveform 1	2	30.619912548	30.619912548	0.0	48000.0	12-CottageRowe-Unconfirmed	f	2021
114	Waveform 1	2	30.627665230	30.627665230	0.0	48000.0	12-CottageRowe-Unconfirmed	f	2021
115	Waveform 1	2	30.637766325	30.637766325	0.0	48000.0	12-CottageRowe-Unconfirmed	f	2021
116	Waveform 1	2	30.648691554	30.648691554	0.0	48000.0	12-CottageRowe-Unconfirmed	f	2021
117	Waveform 1	2	31.170681168	31.170681168	0.0	48000.0	12-CottageRowe-Unconfirmed	g	2021
118	Waveform 1	2	31.177369042	31.177369042	0.0	48000.0	12-CottageRowe-Unconfirmed	g	2021
119	Waveform 1	2	31.187353446	31.187353446	0.0	48000.0	12-CottageRowe-Unconfirmed	g	2021
120	Waveform 1	2	31.197140933	31.197140933	0.0	48000.0	12-CottageRowe-Unconfirmed	g	2021
121	Waveform 1	2	31.205148878	31.205148878	0.0	48000.0	12-CottageRowe-Unconfirmed	g	2021
122	Waveform 1	2	31.216176211	31.216176211	0.0	48000.0	12-CottageRowe-Unconfirmed	g	2021
123	Waveform 1	2	31.223381902	31.223381902	0.0	48000.0	12-CottageRowe-Unconfirmed	g	2021
124	Waveform 1	2	31.232600519	31.232600519	0.0	48000.0	12-CottageRowe-Unconfirmed	g	2021
125	Waveform 1	2	31.242832893	31.242832893	0.0	48000.0	12-CottageRowe-Unconfirmed	g	2021
126	Waveform 1	2	31.252175495	31.252175495	0.0	48000.0	12-CottageRowe-Unconfirmed	g	2021
127	Waveform 1	2	31.262801702	31.262801702	0.0	48000.0	12-CottageRowe-Unconfirmed	g	2021
128	Waveform 1	2	31.270562119	31.270562119	0.0	48000.0	12-CottageRowe-Unconfirmed	g	2021
129	Waveform 1	2	31.280298554	31.280298554	0.0	48000.0	12-CottageRowe-Unconfirmed	g	2021
130	Waveform 1	2	31.288532588	31.288532588	0.0	48000.0	12-CottageRowe-Unconfirmed	g	2021
131	Waveform 1	2	31.297802258	31.297802258	0.0	48000.0	12-CottageRowe-Unconfirmed	g	2021
132	Waveform 1	2	31.309077560	31.309077560	0.0	48000.0	12-CottageRowe-Unconfirmed	g	2021
133	Waveform 1	2	31.317333296	31.317333296	0.0	48000.0	12-CottageRowe-Unconfirmed	g	2021
134	Waveform 1	2	31.329600475	31.329600475	0.0	48000.0	12-CottageRowe-Unconfirmed	g	2021
135	Waveform 1	2	31.618382412	31.618382412	0.0	48000.0	12-CottageRowe-Unconfirmed	h	2021
136	Waveform 1	2	31.625092166	31.625092166	0.0	48000.0	12-CottageRowe-Unconfirmed	h	2021
137	Waveform 1	2	31.634806721	31.634806721	0.0	48000.0	12-CottageRowe-Unconfirmed	h	2021
138	Waveform 1	2	31.645163079	31.645163079	0.0	48000.0	12-CottageRowe-Unconfirmed	h	2021
139	Waveform 1	2	31.653550270	31.653550270	0.0	48000.0	12-CottageRowe-Unconfirmed	h	2021
140	Waveform 1	2	31.664905798	31.664905798	0.0	48000.0	12-CottageRowe-Unconfirmed	h	2021
141	Waveform 1	2	31.671848933	31.671848933	0.0	48000.0	12-CottageRowe-Unconfirmed	h	2021
142	Waveform 1	2	31.682234465	31.682234465	0.0	48000.0	12-CottageRowe-Unconfirmed	h	2021
143	Waveform 1	2	31.689943387	31.689943387	0.0	48000.0	12-CottageRowe-Unconfirmed	h	2021
144	Waveform 1	2	31.700146588	31.700146588	0.0	48000.0	12-CottageRowe-Unconfirmed	h	2021
145	Waveform 1	2	31.710276856	31.710276856	0.0	48000.0	12-CottageRowe-Unconfirmed	h	2021
146	Waveform 1	2	31.717832621	31.717832621	0.0	48000.0	12-CottageRowe-Unconfirmed	h	2021
147	Waveform 1	2	31.729275668	31.729275668	0.0	48000.0	12-CottageRowe-Unconfirmed	h	2021
148	Waveform 1	2	31.735738592	31.735738592	0.0	48000.0	12-CottageRowe-Unconfirmed	h	2021
149	Waveform 1	2	31.745609197	31.745609197	0.0	48000.0	12-CottageRowe-Unconfirmed	h	2021
150	Waveform 1	2	31.754756118	31.754756118	0.0	48000.0	12-CottageRowe-Unconfirmed	h	2021
151	Waveform 1	2	31.762545266	31.762545266	0.0	48000.0	12-CottageRowe-Unconfirmed	h	2021
152	Waveform 1	2	31.773156887	31.773156887	0.0	48000.0	12-CottageRowe-Unconfirmed	h	2021
153	Waveform 1	2	31.780719945	31.780719945	0.0	48000.0	12-CottageRowe-Unconfirmed	h	2021
154	Waveform 1	2	31.791426377	31.791426377	0.0	48000.0	12-CottageRowe-Unconfirmed	h	2021
155	Waveform 1	2	31.802074464	31.802074464	0.0	48000.0	12-CottageRowe-Unconfirmed	h	2021
156	Waveform 1	2	32.383618837	32.383618837	0.0	48000.0	12-CottageRowe-Unconfirmed	h	2021
157	Waveform 1	2	32.390408816	32.390408816	0.0	48000.0	12-CottageRowe-Unconfirmed	h	2021
158	Waveform 1	2	32.399583674	32.399583674	0.0	48000.0	12-CottageRowe-Unconfirmed	h	2021
159	Waveform 1	2	32.410778574	32.410778574	0.0	48000.0	12-CottageRowe-Unconfirmed	h	2021
160	Waveform 1	2	32.418159302	32.418159302	0.0	48000.0	12-CottageRowe-Unconfirmed	h	2021
161	Waveform 1	2	32.429120997	32.429120997	0.0	48000.0	12-CottageRowe-Unconfirmed	h	2021
162	Waveform 1	2	32.435692179	32.435692179	0.0	48000.0	12-CottageRowe-Unconfirmed	h	2021
163	Waveform 1	2	32.446092296	32.446092296	0.0	48000.0	12-CottageRowe-Unconfirmed	h	2021
164	Waveform 1	2	32.455704747	32.455704747	0.0	48000.0	12-CottageRowe-Unconfirmed	h	2021
165	Waveform 1	2	32.463756450	32.463756450	0.0	48000.0	12-CottageRowe-Unconfirmed	h	2021
166	Waveform 1	2	32.475177617	32.475177617	0.0	48000.0	12-CottageRowe-Unconfirmed	h	2021
167	Waveform 1	2	32.482733382	32.482733382	0.0	48000.0	12-CottageRowe-Unconfirmed	h	2021
168	Waveform 1	2	32.493337709	32.493337709	0.0	48000.0	12-CottageRowe-Unconfirmed	h	2021
169	Waveform 1	2	32.499959944	32.499959944	0.0	48000.0	12-CottageRowe-Unconfirmed	h	2021
170	Waveform 1	2	32.511089382	32.511089382	0.0	48000.0	12-CottageRowe-Unconfirmed	h	2021
171	Waveform 1	2	32.521066316	32.521066316	0.0	48000.0	12-CottageRowe-Unconfirmed	h	2021
172	Waveform 1	2	32.530613128	32.530613128	0.0	48000.0	12-CottageRowe-Unconfirmed	h	2021
173	Waveform 1	2	32.825338146	32.825338146	0.0	48000.0	12-CottageRowe-Unconfirmed	i	2021
174	Waveform 1	2	32.831916445	32.831916445	0.0	48000.0	12-CottageRowe-Unconfirmed	i	2021
175	Waveform 1	2	32.841171351	32.841171351	0.0	48000.0	12-CottageRowe-Unconfirmed	i	2021
176	Waveform 1	2	32.852096580	32.852096580	0.0	48000.0	12-CottageRowe-Unconfirmed	i	2021
177	Waveform 1	2	32.860213922	32.860213922	0.0	48000.0	12-CottageRowe-Unconfirmed	i	2021
178	Waveform 1	2	32.871182733	32.871182733	0.0	48000.0	12-CottageRowe-Unconfirmed	i	2021
179	Waveform 1	2	32.877693677	32.877693677	0.0	48000.0	12-CottageRowe-Unconfirmed	i	2021
180	Waveform 1	2	32.888122158	32.888122158	0.0	48000.0	12-CottageRowe-Unconfirmed	i	2021
181	Waveform 1	2	32.896460776	32.896460776	0.0	48000.0	12-CottageRowe-Unconfirmed	i	2021
182	Waveform 1	2	32.904385650	32.904385650	0.0	48000.0	12-CottageRowe-Unconfirmed	i	2021
183	Waveform 1	2	32.916416147	32.916416147	0.0	48000.0	12-CottageRowe-Unconfirmed	i	2021
184	Waveform 1	2	32.924203105	32.924203105	0.0	48000.0	12-CottageRowe-Unconfirmed	i	2021
185	Waveform 1	2	32.934504360	32.934504360	0.0	48000.0	12-CottageRowe-Unconfirmed	i	2021
186	Waveform 1	2	32.941442433	32.941442433	0.0	48000.0	12-CottageRowe-Unconfirmed	i	2021
187	Waveform 1	2	32.950735848	32.950735848	0.0	48000.0	12-CottageRowe-Unconfirmed	i	2021
188	Waveform 1	2	32.959827517	32.959827517	0.0	48000.0	12-CottageRowe-Unconfirmed	i	2021
189	Waveform 1	2	32.967900914	32.967900914	0.0	48000.0	12-CottageRowe-Unconfirmed	i	2021
190	Waveform 1	2	32.978870414	32.978870414	0.0	48000.0	12-CottageRowe-Unconfirmed	i	2021
191	Waveform 1	2	32.986434233	32.986434233	0.0	48000.0	12-CottageRowe-Unconfirmed	i	2021
192	Waveform 1	2	32.996640008	32.996640008	0.0	48000.0	12-CottageRowe-Unconfirmed	i	2021
193	Waveform 1	2	33.005784899	33.005784899	0.0	48000.0	12-CottageRowe-Unconfirmed	i	2021
194	Waveform 1	2	33.544971360	33.544971360	0.0	48000.0	12-CottageRowe-Unconfirmed	j	2021
195	Waveform 1	2	33.551718587	33.551718587	0.0	48000.0	12-CottageRowe-Unconfirmed	j	2021
196	Waveform 1	2	33.561298505	33.561298505	0.0	48000.0	12-CottageRowe-Unconfirmed	j	2021
197	Waveform 1	2	33.571620977	33.571620977	0.0	48000.0	12-CottageRowe-Unconfirmed	j	2021
198	Waveform 1	2	33.579588286	33.579588286	0.0	48000.0	12-CottageRowe-Unconfirmed	j	2021
199	Waveform 1	2	33.590451810	33.590451810	0.0	48000.0	12-CottageRowe-Unconfirmed	j	2021
200	Waveform 1	2	33.597538584	33.597538584	0.0	48000.0	12-CottageRowe-Unconfirmed	j	2021
201	Waveform 1	2	33.607426094	33.607426094	0.0	48000.0	12-CottageRowe-Unconfirmed	j	2021
202	Waveform 1	2	33.617621261	33.617621261	0.0	48000.0	12-CottageRowe-Unconfirmed	j	2021
203	Waveform 1	2	33.624983865	33.624983865	0.0	48000.0	12-CottageRowe-Unconfirmed	j	2021
204	Waveform 1	2	33.636293024	33.636293024	0.0	48000.0	12-CottageRowe-Unconfirmed	j	2021
205	Waveform 1	2	33.643857197	33.643857197	0.0	48000.0	12-CottageRowe-Unconfirmed	j	2021
206	Waveform 1	2	33.654466108	33.654466108	0.0	48000.0	12-CottageRowe-Unconfirmed	j	2021
207	Waveform 1	2	33.662030281	33.662030281	0.0	48000.0	12-CottageRowe-Unconfirmed	j	2021
208	Waveform 1	2	33.671588916	33.671588916	0.0	48000.0	12-CottageRowe-Unconfirmed	j	2021
209	Waveform 1	2	33.682898012	33.682898012	0.0	48000.0	12-CottageRowe-Unconfirmed	j	2021
210	Waveform 1	2	33.692138212	33.692138212	0.0	48000.0	12-CottageRowe-Unconfirmed	j	2021
