Selection	View	Channel	Begin Time (s)	End Time (s)	Low Freq (Hz)	High Freq (Hz)	file	syllable	year
1	Waveform 1	1	20.949438091	20.949438091	0.000	48000.000	13-C03-21-03	a	2021
2	Waveform 1	1	20.956309676	20.956309676	0.000	48000.000	13-C03-21-03	a	2021
3	Waveform 1	1	20.964893219	20.964893219	0.000	48000.000	13-C03-21-03	a	2021
4	Waveform 1	1	20.976238815	20.976238815	0.000	48000.000	13-C03-21-03	a	2021
5	Waveform 1	1	20.984288158	20.984288158	0.000	48000.000	13-C03-21-03	a	2021
6	Waveform 1	1	20.994213270	20.994213270	0.000	48000.000	13-C03-21-03	a	2021
7	Waveform 1	1	21.006214474	21.006214474	0.000	48000.000	13-C03-21-03	a	2021
8	Waveform 1	1	21.014269888	21.014269888	0.000	48000.000	13-C03-21-03	a	2021
9	Waveform 1	1	21.025536416	21.025536416	0.000	48000.000	13-C03-21-03	a	2021
10	Waveform 1	1	21.033962127	21.033962127	0.000	48000.000	13-C03-21-03	a	2021
11	Waveform 1	1	21.044178620	21.044178620	0.000	48000.000	13-C03-21-03	a	2021
12	Waveform 1	1	21.056179790	21.056179790	0.000	48000.000	13-C03-21-03	a	2021
13	Waveform 1	1	21.065182193	21.065182193	0.000	48000.000	13-C03-21-03	a	2021
14	Waveform 1	1	21.077675103	21.077675103	0.000	48000.000	13-C03-21-03	a	2021
15	Waveform 1	1	21.422979089	21.422979089	0.000	48000.000	13-C03-21-03	b	2021
16	Waveform 1	1	21.429589515	21.429589515	0.000	48000.000	13-C03-21-03	b	2021
17	Waveform 1	1	21.438457771	21.438457771	0.000	48000.000	13-C03-21-03	b	2021
18	Waveform 1	1	21.450348560	21.450348560	0.000	48000.000	13-C03-21-03	b	2021
19	Waveform 1	1	21.458531487	21.458531487	0.000	48000.000	13-C03-21-03	b	2021
20	Waveform 1	1	21.468741909	21.468741909	0.000	48000.000	13-C03-21-03	b	2021
21	Waveform 1	1	21.480397064	21.480397064	0.000	48000.000	13-C03-21-03	b	2021
22	Waveform 1	1	21.488743859	21.488743859	0.000	48000.000	13-C03-21-03	b	2021
23	Waveform 1	1	21.500660077	21.500660077	0.000	48000.000	13-C03-21-03	b	2021
24	Waveform 1	1	21.508624434	21.508624434	0.000	48000.000	13-C03-21-03	b	2021
25	Waveform 1	1	21.519053393	21.519053393	0.000	48000.000	13-C03-21-03	b	2021
26	Waveform 1	1	21.530423270	21.530423270	0.000	48000.000	13-C03-21-03	b	2021
27	Waveform 1	1	21.539456026	21.539456026	0.000	48000.000	13-C03-21-03	b	2021
28	Waveform 1	1	21.551548144	21.551548144	0.000	48000.000	13-C03-21-03	b	2021
29	Waveform 1	1	21.560969408	21.560969408	0.000	48000.000	13-C03-21-03	b	2021
30	Waveform 1	1	21.572806676	21.572806676	0.000	48000.000	13-C03-21-03	b	2021
31	Waveform 1	1	22.248545697	22.248545697	0.000	48000.000	13-C03-21-03	c	2021
32	Waveform 1	1	22.255362774	22.255362774	0.000	48000.000	13-C03-21-03	c	2021
33	Waveform 1	1	22.264037373	22.264037373	0.000	48000.000	13-C03-21-03	c	2021
34	Waveform 1	1	22.275225103	22.275225103	0.000	48000.000	13-C03-21-03	c	2021
35	Waveform 1	1	22.282904184	22.282904184	0.000	48000.000	13-C03-21-03	c	2021
36	Waveform 1	1	22.292883929	22.292883929	0.000	48000.000	13-C03-21-03	c	2021
37	Waveform 1	1	22.304739408	22.304739408	0.000	48000.000	13-C03-21-03	c	2021
38	Waveform 1	1	22.312946583	22.312946583	0.000	48000.000	13-C03-21-03	c	2021
39	Waveform 1	1	22.324292179	22.324292179	0.000	48000.000	13-C03-21-03	c	2021
40	Waveform 1	1	22.332566129	22.332566129	0.000	48000.000	13-C03-21-03	c	2021
41	Waveform 1	1	22.342794763	22.342800833	0.000	48000.000	13-C03-21-03	c	2021
42	Waveform 1	1	22.354753474	22.354753474	0.000	48000.000	13-C03-21-03	c	2021
43	Waveform 1	1	22.363889427	22.363889427	0.000	48000.000	13-C03-21-03	c	2021
44	Waveform 1	1	22.376266965	22.376266965	0.000	48000.000	13-C03-21-03	c	2021
45	Waveform 1	1	22.751575679	22.751575679	0.000	48000.000	13-C03-21-03	d	2021
46	Waveform 1	1	22.758289559	22.758289559	0.000	48000.000	13-C03-21-03	d	2021
47	Waveform 1	1	22.767152342	22.767152342	0.000	48000.000	13-C03-21-03	d	2021
48	Waveform 1	1	22.778528290	22.778528290	0.000	48000.000	13-C03-21-03	d	2021
49	Waveform 1	1	22.786342502	22.786342502	0.000	48000.000	13-C03-21-03	d	2021
50	Waveform 1	1	22.796449287	22.796449287	0.000	48000.000	13-C03-21-03	d	2021
51	Waveform 1	1	22.807774015	22.807774015	0.000	48000.000	13-C03-21-03	d	2021
52	Waveform 1	1	22.816030416	22.816030416	0.000	48000.000	13-C03-21-03	d	2021
53	Waveform 1	1	22.827712339	22.827712339	0.000	48000.000	13-C03-21-03	d	2021
54	Waveform 1	1	22.835558875	22.835558875	0.000	48000.000	13-C03-21-03	d	2021
55	Waveform 1	1	22.845700763	22.845700763	0.000	48000.000	13-C03-21-03	d	2021
56	Waveform 1	1	22.857007956	22.857007956	0.000	48000.000	13-C03-21-03	d	2021
57	Waveform 1	1	22.865762086	22.865762086	0.000	48000.000	13-C03-21-03	d	2021
58	Waveform 1	1	22.877379597	22.877379597	0.000	48000.000	13-C03-21-03	d	2021
59	Waveform 1	1	22.886853973	22.886853973	0.000	48000.000	13-C03-21-03	d	2021
60	Waveform 1	1	22.898723276	22.898723276	0.000	48000.000	13-C03-21-03	d	2021
61	Waveform 1	1	23.480506888	23.480506888	0.000	48000.000	13-C03-21-03	e	2021
62	Waveform 1	1	23.487229139	23.487229139	0.000	48000.000	13-C03-21-03	e	2021
63	Waveform 1	1	23.495772467	23.495772467	0.000	48000.000	13-C03-21-03	e	2021
64	Waveform 1	1	23.506962515	23.506962515	0.000	48000.000	13-C03-21-03	e	2021
65	Waveform 1	1	23.515031535	23.515031535	0.000	48000.000	13-C03-21-03	e	2021
66	Waveform 1	1	23.524927517	23.524927517	0.000	48000.000	13-C03-21-03	e	2021
67	Waveform 1	1	23.536913934	23.536913934	0.000	48000.000	13-C03-21-03	e	2021
68	Waveform 1	1	23.545012232	23.545012232	0.000	48000.000	13-C03-21-03	e	2021
69	Waveform 1	1	23.556266724	23.556266724	0.000	48000.000	13-C03-21-03	e	2021
70	Waveform 1	1	23.564429434	23.564429434	0.000	48000.000	13-C03-21-03	e	2021
71	Waveform 1	1	23.574407395	23.574407395	0.000	48000.000	13-C03-21-03	e	2021
72	Waveform 1	1	23.586405523	23.586405523	0.000	48000.000	13-C03-21-03	e	2021
73	Waveform 1	1	23.595452436	23.595452436	0.000	48000.000	13-C03-21-03	e	2021
74	Waveform 1	1	23.607801903	23.607801903	0.000	48000.000	13-C03-21-03	e	2021
75	Waveform 1	1	23.620350462	23.620350462	0.000	48000.000	13-C03-21-03	e	2021
76	Waveform 1	1	23.951765994	23.951765994	0.000	48000.000	13-C03-21-03	f	2021
77	Waveform 1	1	23.958634607	23.958634607	0.000	48000.000	13-C03-21-03	f	2021
78	Waveform 1	1	23.967605396	23.967605396	0.000	48000.000	13-C03-21-03	f	2021
79	Waveform 1	1	23.979316598	23.979316598	0.000	48000.000	13-C03-21-03	f	2021
80	Waveform 1	1	23.987250968	23.987250968	0.000	48000.000	13-C03-21-03	f	2021
81	Waveform 1	1	23.997457268	23.997457268	0.000	48000.000	13-C03-21-03	f	2021
82	Waveform 1	1	24.008957697	24.008957697	0.000	48000.000	13-C03-21-03	f	2021
83	Waveform 1	1	24.017448324	24.017448324	0.000	48000.000	13-C03-21-03	f	2021
84	Waveform 1	1	24.029206370	24.029206370	0.000	48000.000	13-C03-21-03	f	2021
85	Waveform 1	1	24.036924051	24.036924051	0.000	48000.000	13-C03-21-03	f	2021
86	Waveform 1	1	24.047101104	24.047101104	0.000	48000.000	13-C03-21-03	f	2021
87	Waveform 1	1	24.058677626	24.058677626	0.000	48000.000	13-C03-21-03	f	2021
88	Waveform 1	1	24.067806518	24.067806518	0.000	48000.000	13-C03-21-03	f	2021
89	Waveform 1	1	24.079523575	24.079523575	0.000	48000.000	13-C03-21-03	f	2021
90	Waveform 1	1	24.089150197	24.089150197	0.000	48000.000	13-C03-21-03	f	2021
91	Waveform 1	1	24.100990222	24.100990222	0.000	48000.000	13-C03-21-03	f	2021
92	Waveform 1	1	24.748731378	24.748731378	0.000	48000.000	13-C03-21-03	g	2021
93	Waveform 1	1	24.755518042	24.755518042	0.000	48000.000	13-C03-21-03	g	2021
94	Waveform 1	1	24.763938401	24.763938401	0.000	48000.000	13-C03-21-03	g	2021
95	Waveform 1	1	24.775181151	24.775181151	0.000	48000.000	13-C03-21-03	g	2021
96	Waveform 1	1	24.783162336	24.783162336	0.000	48000.000	13-C03-21-03	g	2021
97	Waveform 1	1	24.792900215	24.792900215	0.000	48000.000	13-C03-21-03	g	2021
98	Waveform 1	1	24.804869065	24.804869065	0.000	48000.000	13-C03-21-03	g	2021
99	Waveform 1	1	24.812768302	24.812768302	0.000	48000.000	13-C03-21-03	g	2021
100	Waveform 1	1	24.823893938	24.823893938	0.000	48000.000	13-C03-21-03	g	2021
101	Waveform 1	1	24.832806171	24.832806171	0.000	48000.000	13-C03-21-03	g	2021
102	Waveform 1	1	24.842743143	24.842743143	0.000	48000.000	13-C03-21-03	g	2021
103	Waveform 1	1	24.854811538	24.854811538	0.000	48000.000	13-C03-21-03	g	2021
104	Waveform 1	1	24.863712060	24.863712060	0.000	48000.000	13-C03-21-03	g	2021
105	Waveform 1	1	24.875423262	24.875423262	0.000	48000.000	13-C03-21-03	g	2021
106	Waveform 1	1	24.887913264	24.887913264	0.000	48000.000	13-C03-21-03	g	2021
107	Waveform 1	1	25.201674145	25.201674145	0.000	48000.000	13-C03-21-03	h	2021
108	Waveform 1	1	25.208583747	25.208583747	0.000	48000.000	13-C03-21-03	h	2021
109	Waveform 1	1	25.217425712	25.217425712	0.000	48000.000	13-C03-21-03	h	2021
110	Waveform 1	1	25.229418015	25.229418015	0.000	48000.000	13-C03-21-03	h	2021
111	Waveform 1	1	25.237469468	25.237469468	0.000	48000.000	13-C03-21-03	h	2021
112	Waveform 1	1	25.247904138	25.247904138	0.000	48000.000	13-C03-21-03	h	2021
113	Waveform 1	1	25.258871703	25.258871703	0.000	48000.000	13-C03-21-03	h	2021
114	Waveform 1	1	25.267450164	25.267450164	0.000	48000.000	13-C03-21-03	h	2021
115	Waveform 1	1	25.279524416	25.279524416	0.000	48000.000	13-C03-21-03	h	2021
116	Waveform 1	1	25.287394344	25.287394344	0.000	48000.000	13-C03-21-03	h	2021
117	Waveform 1	1	25.297793911	25.297793911	0.000	48000.000	13-C03-21-03	h	2021
118	Waveform 1	1	25.308468663	25.308468663	0.000	48000.000	13-C03-21-03	h	2021
119	Waveform 1	1	25.317937183	25.317937183	0.000	48000.000	13-C03-21-03	h	2021
120	Waveform 1	1	25.330397907	25.330397907	0.000	48000.000	13-C03-21-03	h	2021
121	Waveform 1	1	25.340200198	25.340200198	0.000	48000.000	13-C03-21-03	h	2021
122	Waveform 1	1	25.352912715	25.352912715	0.000	48000.000	13-C03-21-03	h	2021
123	Waveform 1	1	25.947198071	25.947198071	0.000	48000.000	13-C03-21-03	i	2021
124	Waveform 1	1	25.954037405	25.954037405	0.000	48000.000	13-C03-21-03	i	2021
125	Waveform 1	1	25.962621722	25.962621722	0.000	48000.000	13-C03-21-03	i	2021
126	Waveform 1	1	25.974022574	25.974022574	0.000	48000.000	13-C03-21-03	i	2021
127	Waveform 1	1	25.982074027	25.982074027	0.000	48000.000	13-C03-21-03	i	2021
128	Waveform 1	1	25.992092977	25.992092977	0.000	48000.000	13-C03-21-03	i	2021
129	Waveform 1	1	26.003938858	26.003938858	0.000	48000.000	13-C03-21-03	i	2021
130	Waveform 1	1	26.012154269	26.012154269	0.000	48000.000	13-C03-21-03	i	2021
131	Waveform 1	1	26.023689832	26.023689832	0.000	48000.000	13-C03-21-03	i	2021
132	Waveform 1	1	26.031911099	26.031911099	0.000	48000.000	13-C03-21-03	i	2021
133	Waveform 1	1	26.042252109	26.042252109	0.000	48000.000	13-C03-21-03	i	2021
134	Waveform 1	1	26.054191681	26.054191681	0.000	48000.000	13-C03-21-03	i	2021
135	Waveform 1	1	26.063308862	26.063308862	0.000	48000.000	13-C03-21-03	i	2021
136	Waveform 1	1	26.075558783	26.075558783	0.000	48000.000	13-C03-21-03	i	2021
137	Waveform 1	1	26.430607522	26.430607522	0.000	48000.000	13-C03-21-03	j	2021
138	Waveform 1	1	26.437523010	26.437523010	0.000	48000.000	13-C03-21-03	j	2021
139	Waveform 1	1	26.446499624	26.446499624	0.000	48000.000	13-C03-21-03	j	2021
140	Waveform 1	1	26.458339681	26.458339681	0.000	48000.000	13-C03-21-03	j	2021
141	Waveform 1	1	26.466291588	26.466291588	0.000	48000.000	13-C03-21-03	j	2021
142	Waveform 1	1	26.476702836	26.476702836	0.000	48000.000	13-C03-21-03	j	2021
143	Waveform 1	1	26.488121285	26.488121285	0.000	48000.000	13-C03-21-03	j	2021
144	Waveform 1	1	26.496641190	26.496641190	0.000	48000.000	13-C03-21-03	j	2021
145	Waveform 1	1	26.508194289	26.508194289	0.000	48000.000	13-C03-21-03	j	2021
146	Waveform 1	1	26.516175474	26.516175474	0.000	48000.000	13-C03-21-03	j	2021
147	Waveform 1	1	26.526282259	26.526282259	0.000	48000.000	13-C03-21-03	j	2021
148	Waveform 1	1	26.538163274	26.538163274	0.000	48000.000	13-C03-21-03	j	2021
149	Waveform 1	1	26.546946683	26.546946683	0.000	48000.000	13-C03-21-03	j	2021
150	Waveform 1	1	26.558493896	26.558493896	0.000	48000.000	13-C03-21-03	j	2021
151	Waveform 1	1	26.568108806	26.568108806	0.000	48000.000	13-C03-21-03	j	2021
152	Waveform 1	1	26.579919554	26.579919554	0.000	48000.000	13-C03-21-03	j	2021
