Selection	View	Channel	Begin Time (s)	End Time (s)	Low Freq (Hz)	High Freq (Hz)	file	syllable	year
1	Waveform 1	1	19.573332524	19.573332524	0.0	48000.0	20-C03-21-08	a	2021
2	Waveform 1	1	19.579798767	19.579798767	0.0	48000.0	20-C03-21-08	a	2021
3	Waveform 1	1	19.589012219	19.589012219	0.0	48000.0	20-C03-21-08	a	2021
4	Waveform 1	1	19.601641986	19.601641986	0.0	48000.0	20-C03-21-08	a	2021
5	Waveform 1	1	19.609643755	19.609643755	0.0	48000.0	20-C03-21-08	a	2021
6	Waveform 1	1	19.622076292	19.622076292	0.0	48000.0	20-C03-21-08	a	2021
7	Waveform 1	1	19.630120455	19.630120455	0.0	48000.0	20-C03-21-08	a	2021
8	Waveform 1	1	19.640707487	19.640707487	0.0	48000.0	20-C03-21-08	a	2021
9	Waveform 1	1	19.651773357	19.651773357	0.0	48000.0	20-C03-21-08	a	2021
10	Waveform 1	1	19.660831861	19.660831861	0.0	48000.0	20-C03-21-08	a	2021
11	Waveform 1	1	19.673320749	19.673320749	0.0	48000.0	20-C03-21-08	a	2021
12	Waveform 1	1	19.681350825	19.681350825	0.0	48000.0	20-C03-21-08	a	2021
13	Waveform 1	1	19.693614177	19.693614177	0.0	48000.0	20-C03-21-08	a	2021
14	Waveform 1	1	19.703954655	19.703954655	0.0	48000.0	20-C03-21-08	a	2021
15	Waveform 1	1	19.715386956	19.715386956	0.0	48000.0	20-C03-21-08	a	2021
16	Waveform 1	1	19.729594428	19.729594428	0.0	48000.0	20-C03-21-08	a	2021
17	Waveform 1	1	20.060002962	20.060002962	0.0	48000.0	20-C03-21-08	b	2021
18	Waveform 1	1	20.066356587	20.066356587	0.0	48000.0	20-C03-21-08	b	2021
19	Waveform 1	1	20.075517181	20.075517181	0.0	48000.0	20-C03-21-08	b	2021
20	Waveform 1	1	20.088323063	20.088323063	0.0	48000.0	20-C03-21-08	b	2021
21	Waveform 1	1	20.095951635	20.095951635	0.0	48000.0	20-C03-21-08	b	2021
22	Waveform 1	1	20.107968582	20.107968582	0.0	48000.0	20-C03-21-08	b	2021
23	Waveform 1	1	20.116062070	20.116062070	0.0	48000.0	20-C03-21-08	b	2021
24	Waveform 1	1	20.126761805	20.126761805	0.0	48000.0	20-C03-21-08	b	2021
25	Waveform 1	1	20.137355881	20.137355881	0.0	48000.0	20-C03-21-08	b	2021
26	Waveform 1	1	20.146829958	20.146829958	0.0	48000.0	20-C03-21-08	b	2021
27	Waveform 1	1	20.159114573	20.159114573	0.0	48000.0	20-C03-21-08	b	2021
28	Waveform 1	1	20.166940393	20.166940393	0.0	48000.0	20-C03-21-08	b	2021
29	Waveform 1	1	20.179041866	20.179041866	0.0	48000.0	20-C03-21-08	b	2021
30	Waveform 1	1	20.187853816	20.187853816	0.0	48000.0	20-C03-21-08	b	2021
31	Waveform 1	1	20.199694664	20.199694664	0.0	48000.0	20-C03-21-08	b	2021
32	Waveform 1	1	20.209823842	20.209823842	0.0	48000.0	20-C03-21-08	b	2021
33	Waveform 1	1	20.221573120	20.221573120	0.0	48000.0	20-C03-21-08	b	2021
34	Waveform 1	1	20.737893203	20.737893203	0.0	48000.0	20-C03-21-08	c	2021
35	Waveform 1	1	20.744225696	20.744225696	0.0	48000.0	20-C03-21-08	c	2021
36	Waveform 1	1	20.753248963	20.753248963	0.0	48000.0	20-C03-21-08	c	2021
37	Waveform 1	1	20.765850554	20.765850554	0.0	48000.0	20-C03-21-08	c	2021
38	Waveform 1	1	20.773605935	20.773605935	0.0	48000.0	20-C03-21-08	c	2021
39	Waveform 1	1	20.785855330	20.785855330	0.0	48000.0	20-C03-21-08	c	2021
40	Waveform 1	1	20.794167179	20.794167179	0.0	48000.0	20-C03-21-08	c	2021
41	Waveform 1	1	20.804648536	20.804648536	0.0	48000.0	20-C03-21-08	c	2021
42	Waveform 1	1	20.815918828	20.815918828	0.0	48000.0	20-C03-21-08	c	2021
43	Waveform 1	1	20.824864629	20.824864629	0.0	48000.0	20-C03-21-08	c	2021
44	Waveform 1	1	20.837381693	20.837381693	0.0	48000.0	20-C03-21-08	c	2021
45	Waveform 1	1	20.845418830	20.845418830	0.0	48000.0	20-C03-21-08	c	2021
46	Waveform 1	1	20.857928850	20.857928850	0.0	48000.0	20-C03-21-08	c	2021
47	Waveform 1	1	20.869170966	20.869170966	0.0	48000.0	20-C03-21-08	c	2021
48	Waveform 1	1	20.884723955	20.884723955	0.0	48000.0	20-C03-21-08	c	2021
49	Waveform 1	1	21.205715805	21.205715805	0.0	48000.0	20-C03-21-08	d	2021
50	Waveform 1	1	21.212217352	21.212217352	0.0	48000.0	20-C03-21-08	d	2021
51	Waveform 1	1	21.221395585	21.221395585	0.0	48000.0	20-C03-21-08	d	2021
52	Waveform 1	1	21.234159203	21.234159203	0.0	48000.0	20-C03-21-08	d	2021
53	Waveform 1	1	21.241921610	21.241921610	0.0	48000.0	20-C03-21-08	d	2021
54	Waveform 1	1	21.253966732	21.253966732	0.0	48000.0	20-C03-21-08	d	2021
55	Waveform 1	1	21.261912298	21.261912298	0.0	48000.0	20-C03-21-08	d	2021
56	Waveform 1	1	21.272337303	21.272337303	0.0	48000.0	20-C03-21-08	d	2021
57	Waveform 1	1	21.283403322	21.283403322	0.0	48000.0	20-C03-21-08	d	2021
58	Waveform 1	1	21.292123569	21.292123569	0.0	48000.0	20-C03-21-08	d	2021
59	Waveform 1	1	21.304668809	21.304668809	0.0	48000.0	20-C03-21-08	d	2021
60	Waveform 1	1	21.312346689	21.312346689	0.0	48000.0	20-C03-21-08	d	2021
61	Waveform 1	1	21.324553821	21.324553821	0.0	48000.0	20-C03-21-08	d	2021
62	Waveform 1	1	21.333584149	21.333584149	0.0	48000.0	20-C03-21-08	d	2021
63	Waveform 1	1	21.344586772	21.344586772	0.0	48000.0	20-C03-21-08	d	2021
64	Waveform 1	1	21.354096086	21.354096086	0.0	48000.0	20-C03-21-08	d	2021
65	Waveform 1	1	21.365612915	21.365612915	0.0	48000.0	20-C03-21-08	d	2021
66	Waveform 1	1	21.378031364	21.378031364	0.0	48000.0	20-C03-21-08	d	2021
67	Waveform 1	1	21.873127926	21.873127926	0.0	48000.0	20-C03-21-08	e	2021
68	Waveform 1	1	21.879551990	21.879551990	0.0	48000.0	20-C03-21-08	e	2021
69	Waveform 1	1	21.888617520	21.888617520	0.0	48000.0	20-C03-21-08	e	2021
70	Waveform 1	1	21.901388183	21.901388183	0.0	48000.0	20-C03-21-08	e	2021
71	Waveform 1	1	21.909044931	21.909044931	0.0	48000.0	20-C03-21-08	e	2021
72	Waveform 1	1	21.920780121	21.920780121	0.0	48000.0	20-C03-21-08	e	2021
73	Waveform 1	1	21.929613219	21.929613219	0.0	48000.0	20-C03-21-08	e	2021
74	Waveform 1	1	21.939798732	21.939798732	0.0	48000.0	20-C03-21-08	e	2021
75	Waveform 1	1	21.951724107	21.951724107	0.0	48000.0	20-C03-21-08	e	2021
76	Waveform 1	1	21.960409284	21.960409284	0.0	48000.0	20-C03-21-08	e	2021
77	Waveform 1	1	21.972785469	21.972785469	0.0	48000.0	20-C03-21-08	e	2021
78	Waveform 1	1	21.980956441	21.980956441	0.0	48000.0	20-C03-21-08	e	2021
79	Waveform 1	1	21.993304451	21.993304451	0.0	48000.0	20-C03-21-08	e	2021
80	Waveform 1	1	22.005194607	22.005194607	0.0	48000.0	20-C03-21-08	e	2021
81	Waveform 1	1	22.347416855	22.347416855	0.0	48000.0	20-C03-21-08	f	2021
82	Waveform 1	1	22.353756392	22.353756392	0.0	48000.0	20-C03-21-08	f	2021
83	Waveform 1	1	22.362688088	22.362688088	0.0	48000.0	20-C03-21-08	f	2021
84	Waveform 1	1	22.375310829	22.375310829	0.0	48000.0	20-C03-21-08	f	2021
85	Waveform 1	1	22.382847830	22.382847830	0.0	48000.0	20-C03-21-08	f	2021
86	Waveform 1	1	22.394611196	22.394611196	0.0	48000.0	20-C03-21-08	f	2021
87	Waveform 1	1	22.403239872	22.403239872	0.0	48000.0	20-C03-21-08	f	2021
88	Waveform 1	1	22.413453560	22.413453560	0.0	48000.0	20-C03-21-08	f	2021
89	Waveform 1	1	22.425195794	22.425195794	0.0	48000.0	20-C03-21-08	f	2021
90	Waveform 1	1	22.433578082	22.433578082	0.0	48000.0	20-C03-21-08	f	2021
91	Waveform 1	1	22.446130366	22.446130366	0.0	48000.0	20-C03-21-08	f	2021
92	Waveform 1	1	22.453688499	22.453688499	0.0	48000.0	20-C03-21-08	f	2021
93	Waveform 1	1	22.465557524	22.465557524	0.0	48000.0	20-C03-21-08	f	2021
94	Waveform 1	1	22.475073882	22.475073882	0.0	48000.0	20-C03-21-08	f	2021
95	Waveform 1	1	22.485315763	22.485315763	0.0	48000.0	20-C03-21-08	f	2021
96	Waveform 1	1	22.494895516	22.494895516	0.0	48000.0	20-C03-21-08	f	2021
97	Waveform 1	1	22.505707953	22.505707953	0.0	48000.0	20-C03-21-08	f	2021
98	Waveform 1	1	22.517062755	22.517062755	0.0	48000.0	20-C03-21-08	f	2021
99	Waveform 1	1	23.065200138	23.065200138	0.0	48000.0	20-C03-21-08	g	2021
100	Waveform 1	1	23.071610114	23.071610114	0.0	48000.0	20-C03-21-08	g	2021
101	Waveform 1	1	23.080844698	23.080844698	0.0	48000.0	20-C03-21-08	g	2021
102	Waveform 1	1	23.093389938	23.093389938	0.0	48000.0	20-C03-21-08	g	2021
103	Waveform 1	1	23.101131230	23.101131230	0.0	48000.0	20-C03-21-08	g	2021
104	Waveform 1	1	23.112965035	23.112965035	0.0	48000.0	20-C03-21-08	g	2021
105	Waveform 1	1	23.121777002	23.121777002	0.0	48000.0	20-C03-21-08	g	2021
106	Waveform 1	1	23.132307666	23.132307666	0.0	48000.0	20-C03-21-08	g	2021
107	Waveform 1	1	23.143500474	23.143500474	0.0	48000.0	20-C03-21-08	g	2021
108	Waveform 1	1	23.152453320	23.152453320	0.0	48000.0	20-C03-21-08	g	2021
109	Waveform 1	1	23.164914032	23.164914032	0.0	48000.0	20-C03-21-08	g	2021
110	Waveform 1	1	23.173099091	23.173099091	0.0	48000.0	20-C03-21-08	g	2021
111	Waveform 1	1	23.185503453	23.185503453	0.0	48000.0	20-C03-21-08	g	2021
112	Waveform 1	1	23.198210702	23.198210702	0.0	48000.0	20-C03-21-08	g	2021
113	Waveform 1	1	23.530641732	23.530641732	0.0	48000.0	20-C03-21-08	h	2021
114	Waveform 1	1	23.537115103	23.537115103	0.0	48000.0	20-C03-21-08	h	2021
115	Waveform 1	1	23.546497627	23.546497627	0.0	48000.0	20-C03-21-08	h	2021
116	Waveform 1	1	23.559204876	23.559204876	0.0	48000.0	20-C03-21-08	h	2021
117	Waveform 1	1	23.567065898	23.567065898	0.0	48000.0	20-C03-21-08	h	2021
118	Waveform 1	1	23.579491409	23.579491409	0.0	48000.0	20-C03-21-08	h	2021
119	Waveform 1	1	23.587148157	23.587148157	0.0	48000.0	20-C03-21-08	h	2021
120	Waveform 1	1	23.598002858	23.598002858	0.0	48000.0	20-C03-21-08	h	2021
121	Waveform 1	1	23.608491276	23.608491276	0.0	48000.0	20-C03-21-08	h	2021
122	Waveform 1	1	23.617979441	23.617979441	0.0	48000.0	20-C03-21-08	h	2021
123	Waveform 1	1	23.630235897	23.630235897	0.0	48000.0	20-C03-21-08	h	2021
124	Waveform 1	1	23.638146226	23.638146226	0.0	48000.0	20-C03-21-08	h	2021
125	Waveform 1	1	23.650578763	23.650578763	0.0	48000.0	20-C03-21-08	h	2021
126	Waveform 1	1	23.658982183	23.658982183	0.0	48000.0	20-C03-21-08	h	2021
127	Waveform 1	1	23.670886427	23.670886427	0.0	48000.0	20-C03-21-08	h	2021
128	Waveform 1	1	23.680839508	23.680839508	0.0	48000.0	20-C03-21-08	h	2021
129	Waveform 1	1	23.692560610	23.692560610	0.0	48000.0	20-C03-21-08	h	2021
130	Waveform 1	1	24.177302589	24.177302589	0.0	48000.0	20-C03-21-08	i	2021
131	Waveform 1	1	24.183768916	24.183768916	0.0	48000.0	20-C03-21-08	i	2021
132	Waveform 1	1	24.192890798	24.192890798	0.0	48000.0	20-C03-21-08	i	2021
133	Waveform 1	1	24.205633267	24.205633267	0.0	48000.0	20-C03-21-08	i	2021
134	Waveform 1	1	24.213233681	24.213233681	0.0	48000.0	20-C03-21-08	i	2021
135	Waveform 1	1	24.224954783	24.224954783	0.0	48000.0	20-C03-21-08	i	2021
136	Waveform 1	1	24.234013287	24.234013287	0.0	48000.0	20-C03-21-08	i	2021
137	Waveform 1	1	24.244001570	24.244001570	0.0	48000.0	20-C03-21-08	i	2021
138	Waveform 1	1	24.256258009	24.256258009	0.0	48000.0	20-C03-21-08	i	2021
139	Waveform 1	1	24.264605078	24.264605078	0.0	48000.0	20-C03-21-08	i	2021
140	Waveform 1	1	24.276622024	24.276622024	0.0	48000.0	20-C03-21-08	i	2021
141	Waveform 1	1	24.284954988	24.284954988	0.0	48000.0	20-C03-21-08	i	2021
142	Waveform 1	1	24.296767661	24.296767661	0.0	48000.0	20-C03-21-08	i	2021
143	Waveform 1	1	24.307650537	24.307650537	0.0	48000.0	20-C03-21-08	i	2021
144	Waveform 1	1	24.319935170	24.319935170	0.0	48000.0	20-C03-21-08	i	2021
145	Waveform 1	1	24.663784413	24.663784413	0.0	48000.0	20-C03-21-08	j	2021
146	Waveform 1	1	24.670152126	24.670152126	0.0	48000.0	20-C03-21-08	j	2021
147	Waveform 1	1	24.679295157	24.679295157	0.0	48000.0	20-C03-21-08	j	2021
148	Waveform 1	1	24.691981274	24.691981274	0.0	48000.0	20-C03-21-08	j	2021
149	Waveform 1	1	24.699701418	24.699701418	0.0	48000.0	20-C03-21-08	j	2021
150	Waveform 1	1	24.711760628	24.711760628	0.0	48000.0	20-C03-21-08	j	2021
151	Waveform 1	1	24.719966818	24.719966818	0.0	48000.0	20-C03-21-08	j	2021
152	Waveform 1	1	24.730772212	24.730772212	0.0	48000.0	20-C03-21-08	j	2021
153	Waveform 1	1	24.741133822	24.741133822	0.0	48000.0	20-C03-21-08	j	2021
154	Waveform 1	1	24.750481126	24.750481126	0.0	48000.0	20-C03-21-08	j	2021
155	Waveform 1	1	24.762962970	24.762962970	0.0	48000.0	20-C03-21-08	j	2021
156	Waveform 1	1	24.770619736	24.770619736	0.0	48000.0	20-C03-21-08	j	2021
157	Waveform 1	1	24.782502848	24.782502848	0.0	48000.0	20-C03-21-08	j	2021
158	Waveform 1	1	24.791596554	24.791596554	0.0	48000.0	20-C03-21-08	j	2021
159	Waveform 1	1	24.803028856	24.803028856	0.0	48000.0	20-C03-21-08	j	2021
160	Waveform 1	1	24.812826970	24.812826970	0.0	48000.0	20-C03-21-08	j	2021
161	Waveform 1	1	24.824463546	24.824463546	0.0	48000.0	20-C03-21-08	j	2021
162	Waveform 1	1	24.839248766	24.839248766	0.0	48000.0	20-C03-21-08	j	2021
