Selection	View	Channel	Begin Time (s)	End Time (s)	Low Freq (Hz)	High Freq (Hz)	file	syllable	year
1	Waveform 1	1	27.25064639	27.25064639	0	48000	28-C45-21-03	a	2021
2	Waveform 1	1	27.25073966	27.25073966	0	48000	28-C45-21-03	a	2021
3	Waveform 1	1	27.2508425	27.2508425	0	48000	28-C45-21-03	a	2021
4	Waveform 1	1	27.25094654	27.25094654	0	48000	28-C45-21-03	a	2021
5	Waveform 1	1	27.2510422	27.2510422	0	48000	28-C45-21-03	a	2021
6	Waveform 1	1	27.25113547	27.25113547	0	48000	28-C45-21-03	a	2021
7	Waveform 1	1	27.25121799	27.25121799	0	48000	28-C45-21-03	a	2021
8	Waveform 1	1	27.2513005	27.2513005	0	48000	28-C45-21-03	a	2021
9	Waveform 1	1	27.25140573	27.25140573	0	48000	28-C45-21-03	a	2021
10	Waveform 1	1	27.25148824	27.25148824	0	48000	28-C45-21-03	a	2021
11	Waveform 1	1	27.25162538	27.25162538	0	48000	28-C45-21-03	a	2021
12	Waveform 1	1	27.25168748	27.25168748	0	48000	28-C45-21-03	a	2021
13	Waveform 1	1	27.25173924	27.25173924	0	48000	28-C45-21-03	a	2021
14	Waveform 1	1	27.25182204	27.25182204	0	48000	28-C45-21-03	a	2021
15	Waveform 1	1	27.2519267	27.2519267	0	48000	28-C45-21-03	a	2021
16	Waveform 1	1	27.25202101	27.25202101	0	48000	28-C45-21-03	a	2021
17	Waveform 1	1	27.25209347	27.25209347	0	48000	28-C45-21-03	a	2021
18	Waveform 1	1	27.25216669	27.25216669	0	48000	28-C45-21-03	a	2021
19	Waveform 1	1	27.2522909	27.2522909	0	48000	28-C45-21-03	a	2021
20	Waveform 1	1	27.2523645	27.2523645	0	48000	28-C45-21-03	a	2021
21	Waveform 1	1	27.25768596	27.25768596	0	48000	28-C45-21-03	b	2021
22	Waveform 1	1	27.25778163	27.25778163	0	48000	28-C45-21-03	b	2021
23	Waveform 1	1	27.2578749	27.2578749	0	48000	28-C45-21-03	b	2021
24	Waveform 1	1	27.25796817	27.25796817	0	48000	28-C45-21-03	b	2021
25	Waveform 1	1	27.25806264	27.25806264	0	48000	28-C45-21-03	b	2021
26	Waveform 1	1	27.25815592	27.25815592	0	48000	28-C45-21-03	b	2021
27	Waveform 1	1	27.25825039	27.25825039	0	48000	28-C45-21-03	b	2021
28	Waveform 1	1	27.25834246	27.25834246	0	48000	28-C45-21-03	b	2021
29	Waveform 1	1	27.25842737	27.25842737	0	48000	28-C45-21-03	b	2021
30	Waveform 1	1	27.25852064	27.25852064	0	48000	28-C45-21-03	b	2021
31	Waveform 1	1	27.25877155	27.25877155	0	48000	28-C45-21-03	b	2021
32	Waveform 1	1	27.25886471	27.25886471	0	48000	28-C45-21-03	b	2021
33	Waveform 1	1	27.25896822	27.25896822	0	48000	28-C45-21-03	b	2021
34	Waveform 1	1	27.25905332	27.25905332	0	48000	28-C45-21-03	b	2021
35	Waveform 1	1	27.25913613	27.25913613	0	48000	28-C45-21-03	b	2021
36	Waveform 1	1	27.25921893	27.25921893	0	48000	28-C45-21-03	b	2021
37	Waveform 1	1	27.25932244	27.25932244	0	48000	28-C45-21-03	b	2021
38	Waveform 1	1	27.25940621	27.25940621	0	48000	28-C45-21-03	b	2021
39	Waveform 1	1	27.25948901	27.25948901	0	48000	28-C45-21-03	b	2021
40	Waveform 1	1	27.25961421	27.25961421	0	48000	28-C45-21-03	b	2021
41	Waveform 1	1	27.2663538	27.2663538	0	48000	28-C45-21-03	c	2021
42	Waveform 1	1	27.26644827	27.26644827	0	48000	28-C45-21-03	c	2021
43	Waveform 1	1	27.2665535	27.2665535	0	48000	28-C45-21-03	c	2021
44	Waveform 1	1	27.26663721	27.26663721	0	48000	28-C45-21-03	c	2021
45	Waveform 1	1	27.26674124	27.26674124	0	48000	28-C45-21-03	c	2021
46	Waveform 1	1	27.26684408	27.26684408	0	48000	28-C45-21-03	c	2021
47	Waveform 1	1	27.26693855	27.26693855	0	48000	28-C45-21-03	c	2021
48	Waveform 1	1	27.26703162	27.26703162	0	48000	28-C45-21-03	c	2021
49	Waveform 1	1	27.26711413	27.26711413	0	48000	28-C45-21-03	c	2021
50	Waveform 1	1	27.2672086	27.2672086	0	48000	28-C45-21-03	c	2021
51	Waveform 1	1	27.26734337	27.26734337	0	48000	28-C45-21-03	c	2021
52	Waveform 1	1	27.26739504	27.26739504	0	48000	28-C45-21-03	c	2021
53	Waveform 1	1	27.2674583	27.2674583	0	48000	28-C45-21-03	c	2021
54	Waveform 1	1	27.26755261	27.26755261	0	48000	28-C45-21-03	c	2021
55	Waveform 1	1	27.26766734	27.26766734	0	48000	28-C45-21-03	c	2021
56	Waveform 1	1	27.26776165	27.26776165	0	48000	28-C45-21-03	c	2021
57	Waveform 1	1	27.26800992	27.26800992	0	48000	28-C45-21-03	c	2021
58	Waveform 1	1	27.26809502	27.26809502	0	48000	28-C45-21-03	c	2021
59	Waveform 1	1	27.26813513	27.26813513	0	48000	28-C45-21-03	c	2021
60	Waveform 1	1	27.26828119	27.26828119	0	48000	28-C45-21-03	c	2021
61	Waveform 1	1	27.27736618	27.27736618	0	48000	28-C45-21-03	d	2021
62	Waveform 1	1	27.27745945	27.27745945	0	48000	28-C45-21-03	d	2021
63	Waveform 1	1	27.27756349	27.27756349	0	48000	28-C45-21-03	d	2021
64	Waveform 1	1	27.27765676	27.27765676	0	48000	28-C45-21-03	d	2021
65	Waveform 1	1	27.27776044	27.27776044	0	48000	28-C45-21-03	d	2021
66	Waveform 1	1	27.27786448	27.27786448	0	48000	28-C45-21-03	d	2021
67	Waveform 1	1	27.27795775	27.27795775	0	48000	28-C45-21-03	d	2021
68	Waveform 1	1	27.27805175	27.27805175	0	48000	28-C45-21-03	d	2021
69	Waveform 1	1	27.27813666	27.27813666	0	48000	28-C45-21-03	d	2021
70	Waveform 1	1	27.2782395	27.2782395	0	48000	28-C45-21-03	d	2021
71	Waveform 1	1	27.27836371	27.27836371	0	48000	28-C45-21-03	d	2021
72	Waveform 1	1	27.27841546	27.27841546	0	48000	28-C45-21-03	d	2021
73	Waveform 1	1	27.27847756	27.27847756	0	48000	28-C45-21-03	d	2021
74	Waveform 1	1	27.27857302	27.27857302	0	48000	28-C45-21-03	d	2021
75	Waveform 1	1	27.27867653	27.27867653	0	48000	28-C45-21-03	d	2021
76	Waveform 1	1	27.27878119	27.27878119	0	48000	28-C45-21-03	d	2021
77	Waveform 1	1	27.27903076	27.27903076	0	48000	28-C45-21-03	d	2021
78	Waveform 1	1	27.27910436	27.27910436	0	48000	28-C45-21-03	d	2021
79	Waveform 1	1	27.27915583	27.27915583	0	48000	28-C45-21-03	d	2021
80	Waveform 1	1	27.27929183	27.27929183	0	48000	28-C45-21-03	d	2021
81	Waveform 1	1	27.28565672	27.28565672	0	48000	28-C45-21-03	e	2021
82	Waveform 1	1	27.28576076	27.28576076	0	48000	28-C45-21-03	e	2021
83	Waveform 1	1	27.28585403	27.28585403	0	48000	28-C45-21-03	e	2021
84	Waveform 1	1	27.28593894	27.28593894	0	48000	28-C45-21-03	e	2021
85	Waveform 1	1	27.28603221	27.28603221	0	48000	28-C45-21-03	e	2021
86	Waveform 1	1	27.28612668	27.28612668	0	48000	28-C45-21-03	e	2021
87	Waveform 1	1	27.28623071	27.28623071	0	48000	28-C45-21-03	e	2021
88	Waveform 1	1	27.28632279	27.28632279	0	48000	28-C45-21-03	e	2021
89	Waveform 1	1	27.2864065	27.2864065	0	48000	28-C45-21-03	e	2021
90	Waveform 1	1	27.28650097	27.28650097	0	48000	28-C45-21-03	e	2021
91	Waveform 1	1	27.28671833	27.28671833	0	48000	28-C45-21-03	e	2021
92	Waveform 1	1	27.28682308	27.28682308	0	48000	28-C45-21-03	e	2021
93	Waveform 1	1	27.28691591	27.28691591	0	48000	28-C45-21-03	e	2021
94	Waveform 1	1	27.28702057	27.28702057	0	48000	28-C45-21-03	e	2021
95	Waveform 1	1	27.28710452	27.28710452	0	48000	28-C45-21-03	e	2021
96	Waveform 1	1	27.28719768	27.28719768	0	48000	28-C45-21-03	e	2021
97	Waveform 1	1	27.28729199	27.28729199	0	48000	28-C45-21-03	e	2021
98	Waveform 1	1	27.28737594	27.28737594	0	48000	28-C45-21-03	e	2021
99	Waveform 1	1	27.2874484	27.2874484	0	48000	28-C45-21-03	e	2021
100	Waveform 1	1	27.2875828	27.2875828	0	48000	28-C45-21-03	e	2021
101	Waveform 1	1	27.29723973	27.29723973	0	48000	28-C45-21-03	f	2021
102	Waveform 1	1	27.29734377	27.29734377	0	48000	28-C45-21-03	f	2021
103	Waveform 1	1	27.297449	27.297449	0	48000	28-C45-21-03	f	2021
104	Waveform 1	1	27.29754108	27.29754108	0	48000	28-C45-21-03	f	2021
105	Waveform 1	1	27.29764751	27.29764751	0	48000	28-C45-21-03	f	2021
106	Waveform 1	1	27.29775991	27.29775991	0	48000	28-C45-21-03	f	2021
107	Waveform 1	1	27.29786754	27.29786754	0	48000	28-C45-21-03	f	2021
108	Waveform 1	1	27.29795837	27.29795837	0	48000	28-C45-21-03	f	2021
109	Waveform 1	1	27.29803251	27.29803251	0	48000	28-C45-21-03	f	2021
110	Waveform 1	1	27.2981784	27.2981784	0	48000	28-C45-21-03	f	2021
111	Waveform 1	1	27.29827167	27.29827167	0	48000	28-C45-21-03	f	2021
112	Waveform 1	1	27.29830157	27.29830157	0	48000	28-C45-21-03	f	2021
113	Waveform 1	1	27.29835333	27.29835333	0	48000	28-C45-21-03	f	2021
114	Waveform 1	1	27.29844648	27.29844648	0	48000	28-C45-21-03	f	2021
115	Waveform 1	1	27.29856264	27.29856264	0	48000	28-C45-21-03	f	2021
116	Waveform 1	1	27.29866615	27.29866615	0	48000	28-C45-21-03	f	2021
117	Waveform 1	1	27.29879124	27.29879124	0	48000	28-C45-21-03	f	2021
118	Waveform 1	1	27.29885565	27.29885565	0	48000	28-C45-21-03	f	2021
119	Waveform 1	1	27.29892695	27.29892695	0	48000	28-C45-21-03	f	2021
120	Waveform 1	1	27.29918802	27.29918802	0	48000	28-C45-21-03	f	2021
121	Waveform 1	1	27.72283393	27.72283393	0	48000	28-C45-21-03	g	2021
122	Waveform 1	1	27.72292785	27.72292785	0	48000	28-C45-21-03	g	2021
123	Waveform 1	1	27.72303106	27.72303106	0	48000	28-C45-21-03	g	2021
124	Waveform 1	1	27.72313658	27.72313658	0	48000	28-C45-21-03	g	2021
125	Waveform 1	1	27.7232305	27.7232305	0	48000	28-C45-21-03	g	2021
126	Waveform 1	1	27.72334414	27.72334414	0	48000	28-C45-21-03	g	2021
127	Waveform 1	1	27.72342763	27.72342763	0	48000	28-C45-21-03	g	2021
128	Waveform 1	1	27.72350991	27.72350991	0	48000	28-C45-21-03	g	2021
129	Waveform 1	1	27.72359456	27.72359456	0	48000	28-C45-21-03	g	2021
130	Waveform 1	1	27.72367689	27.72367689	0	48000	28-C45-21-03	g	2021
131	Waveform 1	1	27.72375111	27.72375111	0	48000	28-C45-21-03	g	2021
132	Waveform 1	1	27.7238034	27.7238034	0	48000	28-C45-21-03	g	2021
133	Waveform 1	1	27.72385516	27.72385516	0	48000	28-C45-21-03	g	2021
134	Waveform 1	1	27.72389656	27.72389656	0	48000	28-C45-21-03	g	2021
135	Waveform 1	1	27.72397017	27.72397017	0	48000	28-C45-21-03	g	2021
136	Waveform 1	1	27.72405182	27.72405182	0	48000	28-C45-21-03	g	2021
137	Waveform 1	1	27.72418753	27.72418753	0	48000	28-C45-21-03	g	2021
138	Waveform 1	1	27.72434256	27.72434256	0	48000	28-C45-21-03	g	2021
139	Waveform 1	1	27.72444722	27.72444722	0	48000	28-C45-21-03	g	2021
140	Waveform 1	1	27.72446792	27.72446792	0	48000	28-C45-21-03	g	2021
141	Waveform 1	1	27.72961547	27.72961547	0	48000	28-C45-21-03	h	2021
142	Waveform 1	1	27.72970824	27.72970824	0	48000	28-C45-21-03	h	2021
143	Waveform 1	1	27.72979173	27.72979173	0	48000	28-C45-21-03	h	2021
144	Waveform 1	1	27.72988682	27.72988682	0	48000	28-C45-21-03	h	2021
145	Waveform 1	1	27.72997964	27.72997964	0	48000	28-C45-21-03	h	2021
146	Waveform 1	1	27.73007241	27.73007241	0	48000	28-C45-21-03	h	2021
147	Waveform 1	1	27.73017793	27.73017793	0	48000	28-C45-21-03	h	2021
148	Waveform 1	1	27.73027069	27.73027069	0	48000	28-C45-21-03	h	2021
149	Waveform 1	1	27.73035418	27.73035418	0	48000	28-C45-21-03	h	2021
150	Waveform 1	1	27.73044842	27.73044842	0	48000	28-C45-21-03	h	2021
151	Waveform 1	1	27.73067686	27.73067686	0	48000	28-C45-21-03	h	2021
152	Waveform 1	1	27.73077116	27.73077116	0	48000	28-C45-21-03	h	2021
153	Waveform 1	1	27.73086317	27.73086317	0	48000	28-C45-21-03	h	2021
154	Waveform 1	1	27.73096898	27.73096898	0	48000	28-C45-21-03	h	2021
155	Waveform 1	1	27.73106213	27.73106213	0	48000	28-C45-21-03	h	2021
156	Waveform 1	1	27.73114494	27.73114494	0	48000	28-C45-21-03	h	2021
157	Waveform 1	1	27.73123985	27.73123985	0	48000	28-C45-21-03	h	2021
158	Waveform 1	1	27.73132266	27.73132266	0	48000	28-C45-21-03	h	2021
159	Waveform 1	1	27.73139742	27.73139742	0	48000	28-C45-21-03	h	2021
160	Waveform 1	1	27.73149172	27.73149172	0	48000	28-C45-21-03	h	2021
161	Waveform 1	1	27.73830241	27.73830241	0	48000	28-C45-21-03	i	2021
162	Waveform 1	1	27.73839634	27.73839634	0	48000	28-C45-21-03	i	2021
163	Waveform 1	1	27.73849954	27.73849954	0	48000	28-C45-21-03	i	2021
164	Waveform 1	1	27.73858303	27.73858303	0	48000	28-C45-21-03	i	2021
165	Waveform 1	1	27.73869789	27.73869789	0	48000	28-C45-21-03	i	2021
166	Waveform 1	1	27.73879182	27.73879182	0	48000	28-C45-21-03	i	2021
167	Waveform 1	1	27.73888458	27.73888458	0	48000	28-C45-21-03	i	2021
168	Waveform 1	1	27.73898895	27.73898895	0	48000	28-C45-21-03	i	2021
169	Waveform 1	1	27.73907244	27.73907244	0	48000	28-C45-21-03	i	2021
170	Waveform 1	1	27.73915593	27.73915593	0	48000	28-C45-21-03	i	2021
171	Waveform 1	1	27.73918723	27.73918723	0	48000	28-C45-21-03	i	2021
172	Waveform 1	1	27.73924103	27.73924103	0	48000	28-C45-21-03	i	2021
173	Waveform 1	1	27.73941815	27.73941815	0	48000	28-C45-21-03	i	2021
174	Waveform 1	1	27.73950095	27.73950095	0	48000	28-C45-21-03	i	2021
175	Waveform 1	1	27.73961596	27.73961596	0	48000	28-C45-21-03	i	2021
176	Waveform 1	1	27.73971913	27.73971913	0	48000	28-C45-21-03	i	2021
177	Waveform 1	1	27.73985369	27.73985369	0	48000	28-C45-21-03	i	2021
178	Waveform 1	1	27.73991579	27.73991579	0	48000	28-C45-21-03	i	2021
179	Waveform 1	1	27.73997905	27.73997905	0	48000	28-C45-21-03	i	2021
180	Waveform 1	1	27.74004	27.74004	0	48000	28-C45-21-03	i	2021
181	Waveform 1	1	27.74899094	27.74899094	0	48000	28-C45-21-03	j	2021
182	Waveform 1	1	27.74908487	27.74908487	0	48000	28-C45-21-03	j	2021
183	Waveform 1	1	27.7491788	27.7491788	0	48000	28-C45-21-03	j	2021
184	Waveform 1	1	27.7492704	27.7492704	0	48000	28-C45-21-03	j	2021
185	Waveform 1	1	27.74937592	27.74937592	0	48000	28-C45-21-03	j	2021
186	Waveform 1	1	27.74947913	27.74947913	0	48000	28-C45-21-03	j	2021
187	Waveform 1	1	27.74957236	27.74957236	0	48000	28-C45-21-03	j	2021
188	Waveform 1	1	27.74967672	27.74967672	0	48000	28-C45-21-03	j	2021
189	Waveform 1	1	27.74974977	27.74974977	0	48000	28-C45-21-03	j	2021
190	Waveform 1	1	27.74991791	27.74991791	0	48000	28-C45-21-03	j	2021
191	Waveform 1	1	27.75009301	27.75009301	0	48000	28-C45-21-03	j	2021
192	Waveform 1	1	27.75018617	27.75018617	0	48000	28-C45-21-03	j	2021
193	Waveform 1	1	27.75030233	27.75030233	0	48000	28-C45-21-03	j	2021
194	Waveform 1	1	27.75039548	27.75039548	0	48000	28-C45-21-03	j	2021
195	Waveform 1	1	27.75053119	27.75053119	0	48000	28-C45-21-03	j	2021
196	Waveform 1	1	27.75059215	27.75059215	0	48000	28-C45-21-03	j	2021
197	Waveform 1	1	27.75065655	27.75065655	0	48000	28-C45-21-03	j	2021
198	Waveform 1	1	27.75071714	27.75071714	0	48000	28-C45-21-03	j	2021
199	Waveform 1	1	27.75078155	27.75078155	0	48000	28-C45-21-03	j	2021
200	Waveform 1	1	27.75089541	27.75089541	0	48000	28-C45-21-03	j	2021
