Selection	View	Channel	Begin Time (s)	End Time (s)	Low Freq (Hz)	High Freq (Hz)	file	syllable	year
1	Waveform 1	1	20.303751214	20.303751214	0.000	48000.000	29-C45-21-02	a	2021
2	Waveform 1	1	20.310466264	20.310466264	0.000	48000.000	29-C45-21-02	a	2021
3	Waveform 1	1	20.318545950	20.318545950	0.000	48000.000	29-C45-21-02	a	2021
4	Waveform 1	1	20.328186650	20.328186650	0.000	48000.000	29-C45-21-02	a	2021
5	Waveform 1	1	20.336719168	20.336719168	0.000	48000.000	29-C45-21-02	a	2021
6	Waveform 1	1	20.347432200	20.347432200	0.000	48000.000	29-C45-21-02	a	2021
7	Waveform 1	1	20.355386695	20.355386695	0.000	48000.000	29-C45-21-02	a	2021
8	Waveform 1	1	20.366344251	20.366344251	0.000	48000.000	29-C45-21-02	a	2021
9	Waveform 1	1	20.375025660	20.375025660	0.000	48000.000	29-C45-21-02	a	2021
10	Waveform 1	1	20.386549257	20.386549257	0.000	48000.000	29-C45-21-02	a	2021
11	Waveform 1	1	20.395022192	20.395022192	0.000	48000.000	29-C45-21-02	a	2021
12	Waveform 1	1	20.406903288	20.406903288	0.000	48000.000	29-C45-21-02	a	2021
13	Waveform 1	1	20.416990929	20.416990929	0.000	48000.000	29-C45-21-02	a	2021
14	Waveform 1	1	20.428526442	20.428526442	0.000	48000.000	29-C45-21-02	a	2021
15	Waveform 1	1	20.441039120	20.441039120	0.000	48000.000	29-C45-21-02	a	2021
16	Waveform 1	1	20.741599240	20.741599240	0.000	48000.000	29-C45-21-02	b	2021
17	Waveform 1	1	20.748290570	20.748290570	0.000	48000.000	29-C45-21-02	b	2021
18	Waveform 1	1	20.756358273	20.756358273	0.000	48000.000	29-C45-21-02	b	2021
19	Waveform 1	1	20.766076431	20.766076431	0.000	48000.000	29-C45-21-02	b	2021
20	Waveform 1	1	20.774734074	20.774734074	0.000	48000.000	29-C45-21-02	b	2021
21	Waveform 1	1	20.785620130	20.785620130	0.000	48000.000	29-C45-21-02	b	2021
22	Waveform 1	1	20.793729541	20.793729541	0.000	48000.000	29-C45-21-02	b	2021
23	Waveform 1	1	20.805521262	20.805521262	0.000	48000.000	29-C45-21-02	b	2021
24	Waveform 1	1	20.813970364	20.813970364	0.000	48000.000	29-C45-21-02	b	2021
25	Waveform 1	1	20.825690585	20.825690585	0.000	48000.000	29-C45-21-02	b	2021
26	Waveform 1	1	20.834485203	20.834485203	0.000	48000.000	29-C45-21-02	b	2021
27	Waveform 1	1	20.845859908	20.845859908	0.000	48000.000	29-C45-21-02	b	2021
28	Waveform 1	1	20.855268234	20.855268234	0.000	48000.000	29-C45-21-02	b	2021
29	Waveform 1	1	20.866279414	20.866279414	0.000	48000.000	29-C45-21-02	b	2021
30	Waveform 1	1	20.875753348	20.875753348	0.000	48000.000	29-C45-21-02	b	2021
31	Waveform 1	1	20.887372278	20.887372278	0.000	48000.000	29-C45-21-02	b	2021
32	Waveform 1	1	20.898782666	20.898782666	0.000	48000.000	29-C45-21-02	b	2021
33	Waveform 1	1	21.451265280	21.451265280	0.000	48000.000	29-C45-21-02	b	2021
34	Waveform 1	1	21.458254526	21.458254526	0.000	48000.000	29-C45-21-02	b	2021
35	Waveform 1	1	21.466548645	21.466548645	0.000	48000.000	29-C45-21-02	b	2021
36	Waveform 1	1	21.476326453	21.476326453	0.000	48000.000	29-C45-21-02	b	2021
37	Waveform 1	1	21.484805346	21.484805346	0.000	48000.000	29-C45-21-02	b	2021
38	Waveform 1	1	21.495846319	21.495846319	0.000	48000.000	29-C45-21-02	b	2021
39	Waveform 1	1	21.504295354	21.504295354	0.000	48000.000	29-C45-21-02	b	2021
40	Waveform 1	1	21.515985784	21.515985784	0.000	48000.000	29-C45-21-02	b	2021
41	Waveform 1	1	21.524291886	21.524291886	0.000	48000.000	29-C45-21-02	b	2021
42	Waveform 1	1	21.536059774	21.536059774	0.000	48000.000	29-C45-21-02	b	2021
43	Waveform 1	1	21.544836517	21.544836517	0.000	48000.000	29-C45-21-02	b	2021
44	Waveform 1	1	21.556699738	21.556699738	0.000	48000.000	29-C45-21-02	b	2021
45	Waveform 1	1	21.566888670	21.566888670	0.000	48000.000	29-C45-21-02	b	2021
46	Waveform 1	1	21.579085391	21.579085391	0.000	48000.000	29-C45-21-02	b	2021
47	Waveform 1	1	21.903545210	21.903545210	0.000	48000.000	29-C45-21-02	c	2021
48	Waveform 1	1	21.910176890	21.910176890	0.000	48000.000	29-C45-21-02	c	2021
49	Waveform 1	1	21.918149326	21.918149326	0.000	48000.000	29-C45-21-02	c	2021
50	Waveform 1	1	21.927944942	21.927944942	0.000	48000.000	29-C45-21-02	c	2021
51	Waveform 1	1	21.936364252	21.936364252	0.000	48000.000	29-C45-21-02	c	2021
52	Waveform 1	1	21.947566100	21.947566100	0.000	48000.000	29-C45-21-02	c	2021
53	Waveform 1	1	21.955598052	21.955598052	0.000	48000.000	29-C45-21-02	c	2021
54	Waveform 1	1	21.967169315	21.967169315	0.000	48000.000	29-C45-21-02	c	2021
55	Waveform 1	1	21.975415768	21.975415768	0.000	48000.000	29-C45-21-02	c	2021
56	Waveform 1	1	21.987004972	21.987004972	0.000	48000.000	29-C45-21-02	c	2021
57	Waveform 1	1	21.996020149	21.996020149	0.000	48000.000	29-C45-21-02	c	2021
58	Waveform 1	1	22.007598255	22.007598255	0.000	48000.000	29-C45-21-02	c	2021
59	Waveform 1	1	22.016336475	22.016336475	0.000	48000.000	29-C45-21-02	c	2021
60	Waveform 1	1	22.027434175	22.027434175	0.000	48000.000	29-C45-21-02	c	2021
61	Waveform 1	1	22.037562846	22.037562846	0.000	48000.000	29-C45-21-02	c	2021
62	Waveform 1	1	22.048407861	22.048407861	0.000	48000.000	29-C45-21-02	c	2021
63	Waveform 1	1	22.059876320	22.059876320	0.000	48000.000	29-C45-21-02	c	2021
64	Waveform 1	1	22.577482138	22.577482138	0.000	48000.000	29-C45-21-02	c	2021
65	Waveform 1	1	22.584518342	22.584518342	0.000	48000.000	29-C45-21-02	c	2021
66	Waveform 1	1	22.592599307	22.592599307	0.000	48000.000	29-C45-21-02	c	2021
67	Waveform 1	1	22.602239250	22.602239250	0.000	48000.000	29-C45-21-02	c	2021
68	Waveform 1	1	22.610750064	22.610750064	0.000	48000.000	29-C45-21-02	c	2021
69	Waveform 1	1	22.621721369	22.621721369	0.000	48000.000	29-C45-21-02	c	2021
70	Waveform 1	1	22.629895129	22.629895129	0.000	48000.000	29-C45-21-02	c	2021
71	Waveform 1	1	22.641397293	22.641397293	0.000	48000.000	29-C45-21-02	c	2021
72	Waveform 1	1	22.649469833	22.649469833	0.000	48000.000	29-C45-21-02	c	2021
73	Waveform 1	1	22.661056365	22.661056365	0.000	48000.000	29-C45-21-02	c	2021
74	Waveform 1	1	22.669642911	22.669642911	0.000	48000.000	29-C45-21-02	c	2021
75	Waveform 1	1	22.681448424	22.681448424	0.000	48000.000	29-C45-21-02	c	2021
76	Waveform 1	1	22.690751314	22.690751314	0.000	48000.000	29-C45-21-02	c	2021
77	Waveform 1	1	22.702481094	22.702481094	0.000	48000.000	29-C45-21-02	c	2021
78	Waveform 1	1	22.713334430	22.713334430	0.000	48000.000	29-C45-21-02	c	2021
79	Waveform 1	1	23.018407487	23.018407487	0.000	48000.000	29-C45-21-02	d	2021
80	Waveform 1	1	23.025199223	23.025199223	0.000	48000.000	29-C45-21-02	d	2021
81	Waveform 1	1	23.033212777	23.033212777	0.000	48000.000	29-C45-21-02	d	2021
82	Waveform 1	1	23.043038100	23.043038100	0.000	48000.000	29-C45-21-02	d	2021
83	Waveform 1	1	23.052307284	23.052307284	0.000	48000.000	29-C45-21-02	d	2021
84	Waveform 1	1	23.063295442	23.063295442	0.000	48000.000	29-C45-21-02	d	2021
85	Waveform 1	1	23.071713566	23.071713566	0.000	48000.000	29-C45-21-02	d	2021
86	Waveform 1	1	23.083460094	23.083460094	0.000	48000.000	29-C45-21-02	d	2021
87	Waveform 1	1	23.091819234	23.091819234	0.000	48000.000	29-C45-21-02	d	2021
88	Waveform 1	1	23.103532057	23.103532057	0.000	48000.000	29-C45-21-02	d	2021
89	Waveform 1	1	23.111992312	23.111992312	0.000	48000.000	29-C45-21-02	d	2021
90	Waveform 1	1	23.123460771	23.123460771	0.000	48000.000	29-C45-21-02	d	2021
91	Waveform 1	1	23.132553002	23.132553002	0.000	48000.000	29-C45-21-02	d	2021
92	Waveform 1	1	23.143608571	23.143608571	0.000	48000.000	29-C45-21-02	d	2021
93	Waveform 1	1	23.152911228	23.152911228	0.000	48000.000	29-C45-21-02	d	2021
94	Waveform 1	1	23.164253292	23.164253292	0.000	48000.000	29-C45-21-02	d	2021
95	Waveform 1	1	23.174904163	23.174904163	0.000	48000.000	29-C45-21-02	d	2021
96	Waveform 1	1	23.187055260	23.187055260	0.000	48000.000	29-C45-21-02	d	2021
97	Waveform 1	1	23.652745811	23.652745811	0.000	48000.000	29-C45-21-02	e	2021
98	Waveform 1	1	23.659588105	23.659588105	0.000	48000.000	29-C45-21-02	e	2021
99	Waveform 1	1	23.667787144	23.667787144	0.000	48000.000	29-C45-21-02	e	2021
100	Waveform 1	1	23.677309118	23.677309118	0.000	48000.000	29-C45-21-02	e	2021
101	Waveform 1	1	23.686662461	23.686662461	0.000	48000.000	29-C45-21-02	e	2021
102	Waveform 1	1	23.697212449	23.697212449	0.000	48000.000	29-C45-21-02	e	2021
103	Waveform 1	1	23.706119301	23.706119301	0.000	48000.000	29-C45-21-02	e	2021
104	Waveform 1	1	23.717739434	23.717739434	0.000	48000.000	29-C45-21-02	e	2021
105	Waveform 1	1	23.726410348	23.726410348	0.000	48000.000	29-C45-21-02	e	2021
106	Waveform 1	1	23.738316977	23.738316977	0.000	48000.000	29-C45-21-02	e	2021
107	Waveform 1	1	23.747223828	23.747223828	0.000	48000.000	29-C45-21-02	e	2021
108	Waveform 1	1	23.758608024	23.758608024	0.000	48000.000	29-C45-21-02	e	2021
109	Waveform 1	1	23.767902255	23.767902255	0.000	48000.000	29-C45-21-02	e	2021
110	Waveform 1	1	23.779320156	23.779320156	0.000	48000.000	29-C45-21-02	e	2021
111	Waveform 1	1	23.790316844	23.790316844	0.000	48000.000	29-C45-21-02	e	2021
112	Waveform 1	1	23.802981844	23.802981844	0.000	48000.000	29-C45-21-02	e	2021
113	Waveform 1	1	24.098499454	24.098499454	0.000	48000.000	29-C45-21-02	f	2021
114	Waveform 1	1	24.105350174	24.105350174	0.000	48000.000	29-C45-21-02	f	2021
115	Waveform 1	1	24.113456523	24.113456523	0.000	48000.000	29-C45-21-02	f	2021
116	Waveform 1	1	24.123399814	24.123399814	0.000	48000.000	29-C45-21-02	f	2021
117	Waveform 1	1	24.131775806	24.131775806	0.000	48000.000	29-C45-21-02	f	2021
118	Waveform 1	1	24.142864848	24.142864848	0.000	48000.000	29-C45-21-02	f	2021
119	Waveform 1	1	24.151131193	24.151131193	0.000	48000.000	29-C45-21-02	f	2021
120	Waveform 1	1	24.163071631	24.163071631	0.000	48000.000	29-C45-21-02	f	2021
121	Waveform 1	1	24.171734015	24.171734015	0.000	48000.000	29-C45-21-02	f	2021
122	Waveform 1	1	24.183531206	24.183531206	0.000	48000.000	29-C45-21-02	f	2021
123	Waveform 1	1	24.192370646	24.192370646	0.000	48000.000	29-C45-21-02	f	2021
124	Waveform 1	1	24.203914943	24.203914943	0.000	48000.000	29-C45-21-02	f	2021
125	Waveform 1	1	24.212804941	24.212804941	0.000	48000.000	29-C45-21-02	f	2021
126	Waveform 1	1	24.224121727	24.224121727	0.000	48000.000	29-C45-21-02	f	2021
127	Waveform 1	1	24.233601569	24.233601569	0.000	48000.000	29-C45-21-02	f	2021
128	Waveform 1	1	24.244235821	24.244235821	0.000	48000.000	29-C45-21-02	f	2021
129	Waveform 1	1	24.254431902	24.254431902	0.000	48000.000	29-C45-21-02	f	2021
130	Waveform 1	1	24.265116712	24.265116712	0.000	48000.000	29-C45-21-02	f	2021
131	Waveform 1	1	24.278481098	24.278481098	0.000	48000.000	29-C45-21-02	f	2021
132	Waveform 1	1	24.712913446	24.712913446	0.000	48000.000	29-C45-21-02	g	2021
133	Waveform 1	1	24.719818249	24.719818249	0.000	48000.000	29-C45-21-02	g	2021
134	Waveform 1	1	24.727725911	24.727725911	0.000	48000.000	29-C45-21-02	g	2021
135	Waveform 1	1	24.737489639	24.737489639	0.000	48000.000	29-C45-21-02	g	2021
136	Waveform 1	1	24.745823970	24.745823970	0.000	48000.000	29-C45-21-02	g	2021
137	Waveform 1	1	24.756405482	24.756405482	0.000	48000.000	29-C45-21-02	g	2021
138	Waveform 1	1	24.764896313	24.764896313	0.000	48000.000	29-C45-21-02	g	2021
139	Waveform 1	1	24.776572942	24.776572942	0.000	48000.000	29-C45-21-02	g	2021
140	Waveform 1	1	24.784985497	24.784985497	0.000	48000.000	29-C45-21-02	g	2021
141	Waveform 1	1	24.796882572	24.796882572	0.000	48000.000	29-C45-21-02	g	2021
142	Waveform 1	1	24.805302292	24.805302292	0.000	48000.000	29-C45-21-02	g	2021
143	Waveform 1	1	24.816986032	24.816986032	0.000	48000.000	29-C45-21-02	g	2021
144	Waveform 1	1	24.826927540	24.826927540	0.000	48000.000	29-C45-21-02	g	2021
145	Waveform 1	1	24.838312612	24.838312612	0.000	48000.000	29-C45-21-02	g	2021
146	Waveform 1	1	24.848481622	24.848481622	0.000	48000.000	29-C45-21-02	g	2021
147	Waveform 1	1	24.860193808	24.860193808	0.000	48000.000	29-C45-21-02	g	2021
148	Waveform 1	1	25.171985222	25.171985222	0.000	48000.000	29-C45-21-02	h	2021
149	Waveform 1	1	25.178755099	25.178755099	0.000	48000.000	29-C45-21-02	h	2021
150	Waveform 1	1	25.186876149	25.186876149	0.000	48000.000	29-C45-21-02	h	2021
151	Waveform 1	1	25.196718100	25.196718100	0.000	48000.000	29-C45-21-02	h	2021
152	Waveform 1	1	25.205436434	25.205436434	0.000	48000.000	29-C45-21-02	h	2021
153	Waveform 1	1	25.216629505	25.216629505	0.000	48000.000	29-C45-21-02	h	2021
154	Waveform 1	1	25.224778947	25.224778947	0.000	48000.000	29-C45-21-02	h	2021
155	Waveform 1	1	25.236484021	25.236484021	0.000	48000.000	29-C45-21-02	h	2021
156	Waveform 1	1	25.244818406	25.244818406	0.000	48000.000	29-C45-21-02	h	2021
157	Waveform 1	1	25.256523481	25.256523481	0.000	48000.000	29-C45-21-02	h	2021
158	Waveform 1	1	25.265113814	25.265113814	0.000	48000.000	29-C45-21-02	h	2021
159	Waveform 1	1	25.276690887	25.276690887	0.000	48000.000	29-C45-21-02	h	2021
160	Waveform 1	1	25.285892834	25.285892834	0.000	48000.000	29-C45-21-02	h	2021
161	Waveform 1	1	25.297171239	25.297171239	0.000	48000.000	29-C45-21-02	h	2021
162	Waveform 1	1	25.306735855	25.306735855	0.000	48000.000	29-C45-21-02	h	2021
163	Waveform 1	1	25.317786703	25.317786703	0.000	48000.000	29-C45-21-02	h	2021
164	Waveform 1	1	25.328161936	25.328161936	0.000	48000.000	29-C45-21-02	h	2021
165	Waveform 1	1	25.339995012	25.339995012	0.000	48000.000	29-C45-21-02	h	2021
166	Waveform 1	1	25.809513660	25.809513660	0.000	48000.000	29-C45-21-02	i	2021
167	Waveform 1	1	25.816340425	25.816340425	0.000	48000.000	29-C45-21-02	i	2021
168	Waveform 1	1	25.824553867	25.824553867	0.000	48000.000	29-C45-21-02	i	2021
169	Waveform 1	1	25.834410040	25.834410040	0.000	48000.000	29-C45-21-02	i	2021
170	Waveform 1	1	25.842865262	25.842865262	0.000	48000.000	29-C45-21-02	i	2021
171	Waveform 1	1	25.854001443	25.854001443	0.000	48000.000	29-C45-21-02	i	2021
172	Waveform 1	1	25.862321606	25.862321606	0.000	48000.000	29-C45-21-02	i	2021
173	Waveform 1	1	25.873948458	25.873948458	0.000	48000.000	29-C45-21-02	i	2021
174	Waveform 1	1	25.882318345	25.882318345	0.000	48000.000	29-C45-21-02	i	2021
175	Waveform 1	1	25.893930975	25.893930975	0.000	48000.000	29-C45-21-02	i	2021
176	Waveform 1	1	25.902791586	25.902791586	0.000	48000.000	29-C45-21-02	i	2021
177	Waveform 1	1	25.914532216	25.914532216	0.000	48000.000	29-C45-21-02	i	2021
178	Waveform 1	1	25.923670108	25.923670108	0.000	48000.000	29-C45-21-02	i	2021
179	Waveform 1	1	25.935467628	25.935467628	0.000	48000.000	29-C45-21-02	i	2021
180	Waveform 1	1	25.945892694	25.945892694	0.000	48000.000	29-C45-21-02	i	2021
181	Waveform 1	1	25.957903548	25.957903548	0.000	48000.000	29-C45-21-02	i	2021
182	Waveform 1	1	26.263074420	26.263074420	0.000	48000.000	29-C45-21-02	j	2021
183	Waveform 1	1	26.269922519	26.269922519	0.000	48000.000	29-C45-21-02	j	2021
184	Waveform 1	1	26.278008014	26.278008014	0.000	48000.000	29-C45-21-02	j	2021
185	Waveform 1	1	26.287821466	26.287821466	0.000	48000.000	29-C45-21-02	j	2021
186	Waveform 1	1	26.296475854	26.296475854	0.000	48000.000	29-C45-21-02	j	2021
187	Waveform 1	1	26.307398701	26.307398701	0.000	48000.000	29-C45-21-02	j	2021
188	Waveform 1	1	26.315697477	26.315697477	0.000	48000.000	29-C45-21-02	j	2021
189	Waveform 1	1	26.327637219	26.327637219	0.000	48000.000	29-C45-21-02	j	2021
190	Waveform 1	1	26.336007160	26.336007160	0.000	48000.000	29-C45-21-02	j	2021
191	Waveform 1	1	26.347769124	26.347769124	0.000	48000.000	29-C45-21-02	j	2021
192	Waveform 1	1	26.356288346	26.356288346	0.000	48000.000	29-C45-21-02	j	2021
193	Waveform 1	1	26.367943642	26.367943642	0.000	48000.000	29-C45-21-02	j	2021
194	Waveform 1	1	26.376889587	26.376889587	0.000	48000.000	29-C45-21-02	j	2021
195	Waveform 1	1	26.388224881	26.388224881	0.000	48000.000	29-C45-21-02	j	2021
196	Waveform 1	1	26.397732554	26.397732554	0.000	48000.000	29-C45-21-02	j	2021
197	Waveform 1	1	26.408562955	26.408562955	0.000	48000.000	29-C45-21-02	j	2021
198	Waveform 1	1	26.418618241	26.418618241	0.000	48000.000	29-C45-21-02	j	2021
199	Waveform 1	1	26.429349087	26.429349087	0.000	48000.000	29-C45-21-02	j	2021
200	Waveform 1	1	26.440307490	26.440307490	0.000	48000.000	29-C45-21-02	j	2021
