Selection	View	Channel	Begin Time (s)	End Time (s)	Low Freq (Hz)	High Freq (Hz)	file	syllable	year
1	Waveform 1	1	19.895207271	19.895207271	0.0	48000.0	30-C45-21-12	a	2021
2	Waveform 1	1	19.901894033	19.901894033	0.0	48000.0	30-C45-21-12	a	2021
3	Waveform 1	1	19.910655730	19.910655730	0.0	48000.0	30-C45-21-12	a	2021
4	Waveform 1	1	19.922105380	19.922105380	0.0	48000.0	30-C45-21-12	a	2021
5	Waveform 1	1	19.929372237	19.929372237	0.0	48000.0	30-C45-21-12	a	2021
6	Waveform 1	1	19.939534533	19.939534533	0.0	48000.0	30-C45-21-12	a	2021
7	Waveform 1	1	19.948734779	19.948734779	0.0	48000.0	30-C45-21-12	a	2021
8	Waveform 1	1	19.956303432	19.956303432	0.0	48000.0	30-C45-21-12	a	2021
9	Waveform 1	1	19.967960569	19.967960569	0.0	48000.0	30-C45-21-12	a	2021
10	Waveform 1	1	19.974680418	19.974680418	0.0	48000.0	30-C45-21-12	a	2021
11	Waveform 1	1	19.983696755	19.983696755	0.0	48000.0	30-C45-21-12	a	2021
12	Waveform 1	1	19.995306808	19.995306808	0.0	48000.0	30-C45-21-12	a	2021
13	Waveform 1	1	20.003276286	20.003276286	0.0	48000.0	30-C45-21-12	a	2021
14	Waveform 1	1	20.014754230	20.014754230	0.0	48000.0	30-C45-21-12	a	2021
15	Waveform 1	1	20.420798265	20.420798265	0.0	48000.0	30-C45-21-12	b	2021
16	Waveform 1	1	20.427235074	20.427235074	0.0	48000.0	30-C45-21-12	b	2021
17	Waveform 1	1	20.435890291	20.435890291	0.0	48000.0	30-C45-21-12	b	2021
18	Waveform 1	1	20.447416309	20.447416309	0.0	48000.0	30-C45-21-12	b	2021
19	Waveform 1	1	20.454184364	20.454184364	0.0	48000.0	30-C45-21-12	b	2021
20	Waveform 1	1	20.464145008	20.464145008	0.0	48000.0	30-C45-21-12	b	2021
21	Waveform 1	1	20.473906833	20.473906833	0.0	48000.0	30-C45-21-12	b	2021
22	Waveform 1	1	20.481204598	20.481204598	0.0	48000.0	30-C45-21-12	b	2021
23	Waveform 1	1	20.492371276	20.492371276	0.0	48000.0	30-C45-21-12	b	2021
24	Waveform 1	1	20.499020810	20.499020810	0.0	48000.0	30-C45-21-12	b	2021
25	Waveform 1	1	20.507529410	20.507529410	0.0	48000.0	30-C45-21-12	b	2021
26	Waveform 1	1	20.518904011	20.518904011	0.0	48000.0	30-C45-21-12	b	2021
27	Waveform 1	1	20.525648491	20.525648491	0.0	48000.0	30-C45-21-12	b	2021
28	Waveform 1	1	20.535150296	20.535150296	0.0	48000.0	30-C45-21-12	b	2021
29	Waveform 1	1	20.545427642	20.545427642	0.0	48000.0	30-C45-21-12	b	2021
30	Waveform 1	1	20.554574555	20.554574555	0.0	48000.0	30-C45-21-12	b	2021
31	Waveform 1	1	21.106683972	21.106683972	0.0	48000.0	30-C45-21-12	c	2021
32	Waveform 1	1	21.113225008	21.113225008	0.0	48000.0	30-C45-21-12	c	2021
33	Waveform 1	1	21.121799894	21.121799894	0.0	48000.0	30-C45-21-12	c	2021
34	Waveform 1	1	21.133255075	21.133255075	0.0	48000.0	30-C45-21-12	c	2021
35	Waveform 1	1	21.140264409	21.140264409	0.0	48000.0	30-C45-21-12	c	2021
36	Waveform 1	1	21.150267547	21.150267547	0.0	48000.0	30-C45-21-12	c	2021
37	Waveform 1	1	21.159944417	21.159944417	0.0	48000.0	30-C45-21-12	c	2021
38	Waveform 1	1	21.167417175	21.167417175	0.0	48000.0	30-C45-21-12	c	2021
39	Waveform 1	1	21.178740000	21.178740000	0.0	48000.0	30-C45-21-12	c	2021
40	Waveform 1	1	21.185446571	21.185446571	0.0	48000.0	30-C45-21-12	c	2021
41	Waveform 1	1	21.194673957	21.194673957	0.0	48000.0	30-C45-21-12	c	2021
42	Waveform 1	1	21.206157515	21.206157515	0.0	48000.0	30-C45-21-12	c	2021
43	Waveform 1	1	21.213578320	21.213578320	0.0	48000.0	30-C45-21-12	c	2021
44	Waveform 1	1	21.223973833	21.223973833	0.0	48000.0	30-C45-21-12	c	2021
45	Waveform 1	1	21.598860930	21.598860930	0.0	48000.0	30-C45-21-12	d	2021
46	Waveform 1	1	21.605137184	21.605137184	0.0	48000.0	30-C45-21-12	d	2021
47	Waveform 1	1	21.613735646	21.613735646	0.0	48000.0	30-C45-21-12	d	2021
48	Waveform 1	1	21.625223756	21.625223756	0.0	48000.0	30-C45-21-12	d	2021
49	Waveform 1	1	21.631901844	21.631901844	0.0	48000.0	30-C45-21-12	d	2021
50	Waveform 1	1	21.642023043	21.642023043	0.0	48000.0	30-C45-21-12	d	2021
51	Waveform 1	1	21.650952646	21.650952646	0.0	48000.0	30-C45-21-12	d	2021
52	Waveform 1	1	21.658212468	21.658212468	0.0	48000.0	30-C45-21-12	d	2021
53	Waveform 1	1	21.669648731	21.669648731	0.0	48000.0	30-C45-21-12	d	2021
54	Waveform 1	1	21.676038422	21.676038422	0.0	48000.0	30-C45-21-12	d	2021
55	Waveform 1	1	21.685360399	21.685360399	0.0	48000.0	30-C45-21-12	d	2021
56	Waveform 1	1	21.695765549	21.695765549	0.0	48000.0	30-C45-21-12	d	2021
57	Waveform 1	1	21.702732139	21.702732139	0.0	48000.0	30-C45-21-12	d	2021
58	Waveform 1	1	21.712517790	21.712517790	0.0	48000.0	30-C45-21-12	d	2021
59	Waveform 1	1	21.721565559	21.721565559	0.0	48000.0	30-C45-21-12	d	2021
60	Waveform 1	1	21.730145102	21.730145102	0.0	48000.0	30-C45-21-12	d	2021
61	Waveform 1	1	21.743123269	21.743123269	0.0	48000.0	30-C45-21-12	d	2021
62	Waveform 1	1	22.312688778	22.312688778	0.0	48000.0	30-C45-21-12	e	2021
63	Waveform 1	1	22.319494741	22.319494741	0.0	48000.0	30-C45-21-12	e	2021
64	Waveform 1	1	22.328164146	22.328164146	0.0	48000.0	30-C45-21-12	e	2021
65	Waveform 1	1	22.339458345	22.339458345	0.0	48000.0	30-C45-21-12	e	2021
66	Waveform 1	1	22.346491326	22.346491326	0.0	48000.0	30-C45-21-12	e	2021
67	Waveform 1	1	22.356541654	22.356541654	0.0	48000.0	30-C45-21-12	e	2021
68	Waveform 1	1	22.366005623	22.366005623	0.0	48000.0	30-C45-21-12	e	2021
69	Waveform 1	1	22.373790603	22.373790603	0.0	48000.0	30-C45-21-12	e	2021
70	Waveform 1	1	22.385657149	22.385657149	0.0	48000.0	30-C45-21-12	e	2021
71	Waveform 1	1	22.392510336	22.392510336	0.0	48000.0	30-C45-21-12	e	2021
72	Waveform 1	1	22.402400036	22.402400036	0.0	48000.0	30-C45-21-12	e	2021
73	Waveform 1	1	22.414034940	22.414034940	0.0	48000.0	30-C45-21-12	e	2021
74	Waveform 1	1	22.423338104	22.423338104	0.0	48000.0	30-C45-21-12	e	2021
75	Waveform 1	1	22.829828439	22.829828439	0.0	48000.0	30-C45-21-12	f	2021
76	Waveform 1	1	22.836203659	22.836203659	0.0	48000.0	30-C45-21-12	f	2021
77	Waveform 1	1	22.844906171	22.844906171	0.0	48000.0	30-C45-21-12	f	2021
78	Waveform 1	1	22.856574004	22.856574004	0.0	48000.0	30-C45-21-12	f	2021
79	Waveform 1	1	22.863403615	22.863403615	0.0	48000.0	30-C45-21-12	f	2021
80	Waveform 1	1	22.873539074	22.873539074	0.0	48000.0	30-C45-21-12	f	2021
81	Waveform 1	1	22.882454416	22.882454416	0.0	48000.0	30-C45-21-12	f	2021
82	Waveform 1	1	22.889747346	22.889747346	0.0	48000.0	30-C45-21-12	f	2021
83	Waveform 1	1	22.901169419	22.901169419	0.0	48000.0	30-C45-21-12	f	2021
84	Waveform 1	1	22.907800212	22.907800212	0.0	48000.0	30-C45-21-12	f	2021
85	Waveform 1	1	22.917093918	22.917093918	0.0	48000.0	30-C45-21-12	f	2021
86	Waveform 1	1	22.928128169	22.928128169	0.0	48000.0	30-C45-21-12	f	2021
87	Waveform 1	1	22.935104218	22.935104218	0.0	48000.0	30-C45-21-12	f	2021
88	Waveform 1	1	22.945433767	22.945433767	0.0	48000.0	30-C45-21-12	f	2021
89	Waveform 1	1	22.955361054	22.955361054	0.0	48000.0	30-C45-21-12	f	2021
90	Waveform 1	1	22.967719579	22.967719579	0.0	48000.0	30-C45-21-12	f	2021
91	Waveform 1	1	23.481761563	23.481761563	0.0	48000.0	30-C45-21-12	g	2021
92	Waveform 1	1	23.488420839	23.488420839	0.0	48000.0	30-C45-21-12	g	2021
93	Waveform 1	1	23.497095045	23.497095045	0.0	48000.0	30-C45-21-12	g	2021
94	Waveform 1	1	23.508640087	23.508640087	0.0	48000.0	30-C45-21-12	g	2021
95	Waveform 1	1	23.515587760	23.515587760	0.0	48000.0	30-C45-21-12	g	2021
96	Waveform 1	1	23.525765891	23.525765891	0.0	48000.0	30-C45-21-12	g	2021
97	Waveform 1	1	23.535253580	23.535253580	0.0	48000.0	30-C45-21-12	g	2021
98	Waveform 1	1	23.542849377	23.542849377	0.0	48000.0	30-C45-21-12	g	2021
99	Waveform 1	1	23.554224156	23.554224156	0.0	48000.0	30-C45-21-12	g	2021
100	Waveform 1	1	23.560959104	23.560959104	0.0	48000.0	30-C45-21-12	g	2021
101	Waveform 1	1	23.569931272	23.569931272	0.0	48000.0	30-C45-21-12	g	2021
102	Waveform 1	1	23.581154705	23.581154705	0.0	48000.0	30-C45-21-12	g	2021
103	Waveform 1	1	23.588320042	23.588320042	0.0	48000.0	30-C45-21-12	g	2021
104	Waveform 1	1	23.598512433	23.598512433	0.0	48000.0	30-C45-21-12	g	2021
105	Waveform 1	1	23.610005450	23.610005450	0.0	48000.0	30-C45-21-12	g	2021
106	Waveform 1	1	23.991847253	23.991847253	0.0	48000.0	30-C45-21-12	h	2021
107	Waveform 1	1	23.998222755	23.998222755	0.0	48000.0	30-C45-21-12	h	2021
108	Waveform 1	1	24.006797641	24.006797641	0.0	48000.0	30-C45-21-12	h	2021
109	Waveform 1	1	24.018238633	24.018238633	0.0	48000.0	30-C45-21-12	h	2021
110	Waveform 1	1	24.025162835	24.025162835	0.0	48000.0	30-C45-21-12	h	2021
111	Waveform 1	1	24.035359884	24.035359884	0.0	48000.0	30-C45-21-12	h	2021
112	Waveform 1	1	24.044677238	24.044677238	0.0	48000.0	30-C45-21-12	h	2021
113	Waveform 1	1	24.051932508	24.051932508	0.0	48000.0	30-C45-21-12	h	2021
114	Waveform 1	1	24.063075538	24.063075538	0.0	48000.0	30-C45-21-12	h	2021
115	Waveform 1	1	24.069583540	24.069583540	0.0	48000.0	30-C45-21-12	h	2021
116	Waveform 1	1	24.078390102	24.078390102	0.0	48000.0	30-C45-21-12	h	2021
117	Waveform 1	1	24.089150039	24.089150039	0.0	48000.0	30-C45-21-12	h	2021
118	Waveform 1	1	24.095823575	24.095823575	0.0	48000.0	30-C45-21-12	h	2021
119	Waveform 1	1	24.104847696	24.104847696	0.0	48000.0	30-C45-21-12	h	2021
120	Waveform 1	1	24.115243459	24.115243459	0.0	48000.0	30-C45-21-12	h	2021
121	Waveform 1	1	24.123614902	24.123614902	0.0	48000.0	30-C45-21-12	h	2021
122	Waveform 1	1	24.762981385	24.762981385	0.0	48000.0	30-C45-21-12	i	2021
123	Waveform 1	1	24.769631273	24.769631273	0.0	48000.0	30-C45-21-12	i	2021
124	Waveform 1	1	24.778381080	24.778381080	0.0	48000.0	30-C45-21-12	i	2021
125	Waveform 1	1	24.789897745	24.789897745	0.0	48000.0	30-C45-21-12	i	2021
126	Waveform 1	1	24.796878702	24.796878702	0.0	48000.0	30-C45-21-12	i	2021
127	Waveform 1	1	24.806669010	24.806669010	0.0	48000.0	30-C45-21-12	i	2021
128	Waveform 1	1	24.816426283	24.816426283	0.0	48000.0	30-C45-21-12	i	2021
129	Waveform 1	1	24.823889653	24.823889653	0.0	48000.0	30-C45-21-12	i	2021
130	Waveform 1	1	24.835037413	24.835037413	0.0	48000.0	30-C45-21-12	i	2021
131	Waveform 1	1	24.841710949	24.841710949	0.0	48000.0	30-C45-21-12	i	2021
132	Waveform 1	1	24.850735070	24.850735070	0.0	48000.0	30-C45-21-12	i	2021
133	Waveform 1	1	24.861953774	24.861953774	0.0	48000.0	30-C45-21-12	i	2021
134	Waveform 1	1	24.869232692	24.869232692	0.0	48000.0	30-C45-21-12	i	2021
135	Waveform 1	1	24.879916956	24.879916956	0.0	48000.0	30-C45-21-12	i	2021
136	Waveform 1	1	25.262747943	25.262747943	0.0	48000.0	30-C45-21-12	j	2021
137	Waveform 1	1	25.269137634	25.269137634	0.0	48000.0	30-C45-21-12	j	2021
138	Waveform 1	1	25.277825957	25.277825957	0.0	48000.0	30-C45-21-12	j	2021
139	Waveform 1	1	25.289437213	25.289437213	0.0	48000.0	30-C45-21-12	j	2021
140	Waveform 1	1	25.296238447	25.296238447	0.0	48000.0	30-C45-21-12	j	2021
141	Waveform 1	1	25.306804472	25.306804472	0.0	48000.0	30-C45-21-12	j	2021
142	Waveform 1	1	25.314688773	25.314688773	0.0	48000.0	30-C45-21-12	j	2021
143	Waveform 1	1	25.322596721	25.322596721	0.0	48000.0	30-C45-21-12	j	2021
144	Waveform 1	1	25.334335674	25.334335674	0.0	48000.0	30-C45-21-12	j	2021
145	Waveform 1	1	25.340635576	25.340635576	0.0	48000.0	30-C45-21-12	j	2021
146	Waveform 1	1	25.349844149	25.349844149	0.0	48000.0	30-C45-21-12	j	2021
147	Waveform 1	1	25.360377068	25.360377068	0.0	48000.0	30-C45-21-12	j	2021
148	Waveform 1	1	25.367637068	25.367637068	0.0	48000.0	30-C45-21-12	j	2021
149	Waveform 1	1	25.378089585	25.378089585	0.0	48000.0	30-C45-21-12	j	2021
150	Waveform 1	1	25.388352847	25.388352847	0.0	48000.0	30-C45-21-12	j	2021
