Selection	View	Channel	Begin Time (s)	End Time (s)	Low Freq (Hz)	High Freq (Hz)	file	syllable	year
1	Waveform 1	2	27.530002892	27.530002892	0.0	48000.0	31-C34-21-01	a	2021
2	Waveform 1	2	27.537502479	27.537502479	0.0	48000.0	31-C34-21-01	a	2021
3	Waveform 1	2	27.547053534	27.547053534	0.0	48000.0	31-C34-21-01	a	2021
4	Waveform 1	2	27.557123477	27.557123477	0.0	48000.0	31-C34-21-01	a	2021
5	Waveform 1	2	27.566101342	27.566101342	0.0	48000.0	31-C34-21-01	a	2021
6	Waveform 1	2	27.577583143	27.577583143	0.0	48000.0	31-C34-21-01	a	2021
7	Waveform 1	2	27.585553400	27.585553400	0.0	48000.0	31-C34-21-01	a	2021
8	Waveform 1	2	27.596498212	27.596498212	0.0	48000.0	31-C34-21-01	a	2021
9	Waveform 1	2	27.604583107	27.604583107	0.0	48000.0	31-C34-21-01	a	2021
10	Waveform 1	2	27.615515852	27.615515852	0.0	48000.0	31-C34-21-01	a	2021
11	Waveform 1	2	27.623902426	27.623902426	0.0	48000.0	31-C34-21-01	a	2021
12	Waveform 1	2	27.634750701	27.634750701	0.0	48000.0	31-C34-21-01	a	2021
13	Waveform 1	2	27.643800969	27.643800969	0.0	48000.0	31-C34-21-01	a	2021
14	Waveform 1	2	27.655439643	27.655439643	0.0	48000.0	31-C34-21-01	a	2021
15	Waveform 1	2	27.666686134	27.666686134	0.0	48000.0	31-C34-21-01	a	2021
16	Waveform 1	2	27.680955397	27.680955397	0.0	48000.0	31-C34-21-01	a	2021
17	Waveform 1	2	28.074690626	28.074690626	0.0	48000.0	31-C34-21-01	b	2021
18	Waveform 1	2	28.082117913	28.082117913	0.0	48000.0	31-C34-21-01	b	2021
19	Waveform 1	2	28.091862042	28.091862042	0.0	48000.0	31-C34-21-01	b	2021
20	Waveform 1	2	28.101642374	28.101642374	0.0	48000.0	31-C34-21-01	b	2021
21	Waveform 1	2	28.110698675	28.110698675	0.0	48000.0	31-C34-21-01	b	2021
22	Waveform 1	2	28.122174390	28.122174390	0.0	48000.0	31-C34-21-01	b	2021
23	Waveform 1	2	28.130416210	28.130416210	0.0	48000.0	31-C34-21-01	b	2021
24	Waveform 1	2	28.141554045	28.141554045	0.0	48000.0	31-C34-21-01	b	2021
25	Waveform 1	2	28.149530387	28.149530387	0.0	48000.0	31-C34-21-01	b	2021
26	Waveform 1	2	28.160451065	28.160451065	0.0	48000.0	31-C34-21-01	b	2021
27	Waveform 1	2	28.168541994	28.168541994	0.0	48000.0	31-C34-21-01	b	2021
28	Waveform 1	2	28.179414403	28.179414403	0.0	48000.0	31-C34-21-01	b	2021
29	Waveform 1	2	28.188277630	28.188277630	0.0	48000.0	31-C34-21-01	b	2021
30	Waveform 1	2	28.199530155	28.199530155	0.0	48000.0	31-C34-21-01	b	2021
31	Waveform 1	2	28.210227538	28.210227538	0.0	48000.0	31-C34-21-01	b	2021
32	Waveform 1	2	28.222849686	28.222849686	0.0	48000.0	31-C34-21-01	b	2021
33	Waveform 1	2	28.773347757	28.773347757	0.0	48000.0	31-C34-21-01	c	2021
34	Waveform 1	2	28.780660406	28.780660406	0.0	48000.0	31-C34-21-01	c	2021
35	Waveform 1	2	28.790211461	28.790211461	0.0	48000.0	31-C34-21-01	c	2021
36	Waveform 1	2	28.800202967	28.800202967	0.0	48000.0	31-C34-21-01	c	2021
37	Waveform 1	2	28.809174798	28.809174798	0.0	48000.0	31-C34-21-01	c	2021
38	Waveform 1	2	28.820728950	28.820728950	0.0	48000.0	31-C34-21-01	c	2021
39	Waveform 1	2	28.828813897	28.828813897	0.0	48000.0	31-C34-21-01	c	2021
40	Waveform 1	2	28.839969833	28.839969833	0.0	48000.0	31-C34-21-01	c	2021
41	Waveform 1	2	28.847837571	28.847837571	0.0	48000.0	31-C34-21-01	c	2021
42	Waveform 1	2	28.858667745	28.858667745	0.0	48000.0	31-C34-21-01	c	2021
43	Waveform 1	2	28.867295662	28.867295662	0.0	48000.0	31-C34-21-01	c	2021
44	Waveform 1	2	28.878131870	28.878131870	0.0	48000.0	31-C34-21-01	c	2021
45	Waveform 1	2	28.888117343	28.888117343	0.0	48000.0	31-C34-21-01	c	2021
46	Waveform 1	2	28.900087812	28.900087812	0.0	48000.0	31-C34-21-01	c	2021
47	Waveform 1	2	29.239436964	29.239436964	0.0	48000.0	31-C34-21-01	d	2021
48	Waveform 1	2	29.246773695	29.246773695	0.0	48000.0	31-C34-21-01	d	2021
49	Waveform 1	2	29.256294582	29.256294582	0.0	48000.0	31-C34-21-01	d	2021
50	Waveform 1	2	29.266985984	29.266985984	0.0	48000.0	31-C34-21-01	d	2021
51	Waveform 1	2	29.275541498	29.275541498	0.0	48000.0	31-C34-21-01	d	2021
52	Waveform 1	2	29.287029332	29.287029332	0.0	48000.0	31-C34-21-01	d	2021
53	Waveform 1	2	29.294818582	29.294818582	0.0	48000.0	31-C34-21-01	d	2021
54	Waveform 1	2	29.305715125	29.305715125	0.0	48000.0	31-C34-21-01	d	2021
55	Waveform 1	2	29.313637113	29.313637113	0.0	48000.0	31-C34-21-01	d	2021
56	Waveform 1	2	29.323984601	29.323984601	0.0	48000.0	31-C34-21-01	d	2021
57	Waveform 1	2	29.332353126	29.332353126	0.0	48000.0	31-C34-21-01	d	2021
58	Waveform 1	2	29.342604077	29.342604077	0.0	48000.0	31-C34-21-01	d	2021
59	Waveform 1	2	29.351600042	29.351600042	0.0	48000.0	31-C34-21-01	d	2021
60	Waveform 1	2	29.362303511	29.362303511	0.0	48000.0	31-C34-21-01	d	2021
61	Waveform 1	2	29.371914902	29.371914902	0.0	48000.0	31-C34-21-01	d	2021
62	Waveform 1	2	29.383511289	29.383511289	0.0	48000.0	31-C34-21-01	d	2021
63	Waveform 1	2	29.395397340	29.395397340	0.0	48000.0	31-C34-21-01	d	2021
64	Waveform 1	2	29.909434896	29.909434896	0.0	48000.0	31-C34-21-01	e	2021
65	Waveform 1	2	29.916837996	29.916837996	0.0	48000.0	31-C34-21-01	e	2021
66	Waveform 1	2	29.926491622	29.926491622	0.0	48000.0	31-C34-21-01	e	2021
67	Waveform 1	2	29.936965815	29.936965815	0.0	48000.0	31-C34-21-01	e	2021
68	Waveform 1	2	29.945575632	29.945575632	0.0	48000.0	31-C34-21-01	e	2021
69	Waveform 1	2	29.956960895	29.956960895	0.0	48000.0	31-C34-21-01	e	2021
70	Waveform 1	2	29.965027689	29.965027689	0.0	48000.0	31-C34-21-01	e	2021
71	Waveform 1	2	29.976050938	29.976050938	0.0	48000.0	31-C34-21-01	e	2021
72	Waveform 1	2	29.983936725	29.983936725	0.0	48000.0	31-C34-21-01	e	2021
73	Waveform 1	2	29.994549690	29.994549690	0.0	48000.0	31-C34-21-01	e	2021
74	Waveform 1	2	30.002869946	30.002869946	0.0	48000.0	31-C34-21-01	e	2021
75	Waveform 1	2	30.013645767	30.013645767	0.0	48000.0	31-C34-21-01	e	2021
76	Waveform 1	2	30.023088217	30.023088217	0.0	48000.0	31-C34-21-01	e	2021
77	Waveform 1	2	30.034057164	30.034057164	0.0	48000.0	31-C34-21-01	e	2021
78	Waveform 1	2	30.046323330	30.046323330	0.0	48000.0	31-C34-21-01	e	2021
79	Waveform 1	2	30.392502392	30.392502392	0.0	48000.0	31-C34-21-01	f	2021
80	Waveform 1	2	30.400104601	30.400104601	0.0	48000.0	31-C34-21-01	f	2021
81	Waveform 1	2	30.409613421	30.409613421	0.0	48000.0	31-C34-21-01	f	2021
82	Waveform 1	2	30.420178117	30.420178117	0.0	48000.0	31-C34-21-01	f	2021
83	Waveform 1	2	30.428950840	30.428950840	0.0	48000.0	31-C34-21-01	f	2021
84	Waveform 1	2	30.440577447	30.440577447	0.0	48000.0	31-C34-21-01	f	2021
85	Waveform 1	2	30.448505469	30.448505469	0.0	48000.0	31-C34-21-01	f	2021
86	Waveform 1	2	30.459613188	30.459613188	0.0	48000.0	31-C34-21-01	f	2021
87	Waveform 1	2	30.467492941	30.467492941	0.0	48000.0	31-C34-21-01	f	2021
88	Waveform 1	2	30.478142108	30.478142108	0.0	48000.0	31-C34-21-01	f	2021
89	Waveform 1	2	30.486504599	30.486504599	0.0	48000.0	31-C34-21-01	f	2021
90	Waveform 1	2	30.497141647	30.497141647	0.0	48000.0	31-C34-21-01	f	2021
91	Waveform 1	2	30.505673079	30.505673079	0.0	48000.0	31-C34-21-01	f	2021
92	Waveform 1	2	30.516943652	30.516943652	0.0	48000.0	31-C34-21-01	f	2021
93	Waveform 1	2	30.526162860	30.526162860	0.0	48000.0	31-C34-21-01	f	2021
94	Waveform 1	2	30.537982542	30.537982542	0.0	48000.0	31-C34-21-01	f	2021
95	Waveform 1	2	30.550333127	30.550333127	0.0	48000.0	31-C34-21-01	f	2021
96	Waveform 1	2	31.150499170	31.150499170	0.0	48000.0	31-C34-21-01	g	2021
97	Waveform 1	2	31.157787632	31.157787632	0.0	48000.0	31-C34-21-01	g	2021
98	Waveform 1	2	31.167646400	31.167646400	0.0	48000.0	31-C34-21-01	g	2021
99	Waveform 1	2	31.177402597	31.177402597	0.0	48000.0	31-C34-21-01	g	2021
100	Waveform 1	2	31.186314092	31.186314092	0.0	48000.0	31-C34-21-01	g	2021
101	Waveform 1	2	31.197639020	31.197639020	0.0	48000.0	31-C34-21-01	g	2021
102	Waveform 1	2	31.205886822	31.205886822	0.0	48000.0	31-C34-21-01	g	2021
103	Waveform 1	2	31.217199682	31.217199682	0.0	48000.0	31-C34-21-01	g	2021
104	Waveform 1	2	31.225067368	31.225067368	0.0	48000.0	31-C34-21-01	g	2021
105	Waveform 1	2	31.236156986	31.236156986	0.0	48000.0	31-C34-21-01	g	2021
106	Waveform 1	2	31.244531493	31.244531493	0.0	48000.0	31-C34-21-01	g	2021
107	Waveform 1	2	31.255530608	31.255530608	0.0	48000.0	31-C34-21-01	g	2021
108	Waveform 1	2	31.265292838	31.265292838	0.0	48000.0	31-C34-21-01	g	2021
109	Waveform 1	2	31.277546937	31.277546937	0.0	48000.0	31-C34-21-01	g	2021
110	Waveform 1	2	31.622748559	31.622748559	0.0	48000.0	31-C34-21-01	h	2021
111	Waveform 1	2	31.630169812	31.630169812	0.0	48000.0	31-C34-21-01	h	2021
112	Waveform 1	2	31.639684666	31.639684666	0.0	48000.0	31-C34-21-01	h	2021
113	Waveform 1	2	31.650110538	31.650110538	0.0	48000.0	31-C34-21-01	h	2021
114	Waveform 1	2	31.658865212	31.658865212	0.0	48000.0	31-C34-21-01	h	2021
115	Waveform 1	2	31.670383163	31.670383163	0.0	48000.0	31-C34-21-01	h	2021
116	Waveform 1	2	31.678419841	31.678419841	0.0	48000.0	31-C34-21-01	h	2021
117	Waveform 1	2	31.689461190	31.689461190	0.0	48000.0	31-C34-21-01	h	2021
118	Waveform 1	2	31.697443514	31.697443514	0.0	48000.0	31-C34-21-01	h	2021
119	Waveform 1	2	31.708104748	31.708104748	0.0	48000.0	31-C34-21-01	h	2021
120	Waveform 1	2	31.716292214	31.716292214	0.0	48000.0	31-C34-21-01	h	2021
121	Waveform 1	2	31.726832776	31.726832776	0.0	48000.0	31-C34-21-01	h	2021
122	Waveform 1	2	31.735593432	31.735593432	0.0	48000.0	31-C34-21-01	h	2021
123	Waveform 1	2	31.746496009	31.746496009	0.0	48000.0	31-C34-21-01	h	2021
124	Waveform 1	2	31.756179803	31.756179803	0.0	48000.0	31-C34-21-01	h	2021
125	Waveform 1	2	31.768017533	31.768017533	0.0	48000.0	31-C34-21-01	h	2021
126	Waveform 1	2	31.780024256	31.780024256	0.0	48000.0	31-C34-21-01	h	2021
127	Waveform 1	2	32.347353018	32.347353018	0.0	48000.0	31-C34-21-01	i	2021
128	Waveform 1	2	32.354774219	32.354774219	0.0	48000.0	31-C34-21-01	i	2021
129	Waveform 1	2	32.364349409	32.364349409	0.0	48000.0	31-C34-21-01	i	2021
130	Waveform 1	2	32.374491605	32.374491605	0.0	48000.0	31-C34-21-01	i	2021
131	Waveform 1	2	32.383384850	32.383384850	0.0	48000.0	31-C34-21-01	i	2021
132	Waveform 1	2	32.394830449	32.394830449	0.0	48000.0	31-C34-21-01	i	2021
133	Waveform 1	2	32.403017915	32.403017915	0.0	48000.0	31-C34-21-01	i	2021
134	Waveform 1	2	32.414282357	32.414282357	0.0	48000.0	31-C34-21-01	i	2021
135	Waveform 1	2	32.422361271	32.422361271	0.0	48000.0	31-C34-21-01	i	2021
136	Waveform 1	2	32.433167109	32.433167109	0.0	48000.0	31-C34-21-01	i	2021
137	Waveform 1	2	32.441837163	32.441837163	0.0	48000.0	31-C34-21-01	i	2021
138	Waveform 1	2	32.452739539	32.452739539	0.0	48000.0	31-C34-21-01	i	2021
139	Waveform 1	2	32.463648150	32.463648150	0.0	48000.0	31-C34-21-01	i	2021
140	Waveform 1	2	32.475509916	32.475509916	0.0	48000.0	31-C34-21-01	i	2021
141	Waveform 1	2	32.824437096	32.824437096	0.0	48000.0	31-C34-21-01	j	2021
142	Waveform 1	2	32.831966803	32.831966803	0.0	48000.0	31-C34-21-01	j	2021
143	Waveform 1	2	32.841427205	32.841427205	0.0	48000.0	31-C34-21-01	j	2021
144	Waveform 1	2	32.852106540	32.852106540	0.0	48000.0	31-C34-21-01	j	2021
145	Waveform 1	2	32.860999785	32.860999785	0.0	48000.0	31-C34-21-01	j	2021
146	Waveform 1	2	32.872608089	32.872608089	0.0	48000.0	31-C34-21-01	j	2021
147	Waveform 1	2	32.880529980	32.880529980	0.0	48000.0	31-C34-21-01	j	2021
148	Waveform 1	2	32.891613363	32.891613363	0.0	48000.0	31-C34-21-01	j	2021
149	Waveform 1	2	32.899493168	32.899493168	0.0	48000.0	31-C34-21-01	j	2021
150	Waveform 1	2	32.910190453	32.910190453	0.0	48000.0	31-C34-21-01	j	2021
151	Waveform 1	2	32.918540676	32.918540676	0.0	48000.0	31-C34-21-01	j	2021
152	Waveform 1	2	32.929129507	32.929129507	0.0	48000.0	31-C34-21-01	j	2021
153	Waveform 1	2	32.937841894	32.937841894	0.0	48000.0	31-C34-21-01	j	2021
154	Waveform 1	2	32.948852926	32.948852926	0.0	48000.0	31-C34-21-01	j	2021
155	Waveform 1	2	32.958657242	32.958657242	0.0	48000.0	31-C34-21-01	j	2021
156	Waveform 1	2	32.970295714	32.970295714	0.0	48000.0	31-C34-21-01	j	2021
157	Waveform 1	2	32.982543630	32.982543630	0.0	48000.0	31-C34-21-01	j	2021
