Selection	View	Channel	Begin Time (s)	End Time (s)	Low Freq (Hz)	High Freq (Hz)	file	syllable	year
1	Waveform 1	1	24.502347460	24.502347460	0.000	48000.000	16-C45-20-06	a	2020
2	Waveform 1	1	24.508949298	24.508949298	0.000	48000.000	16-C45-20-06	a	2020
3	Waveform 1	1	24.516943600	24.516943600	0.000	48000.000	16-C45-20-06	a	2020
4	Waveform 1	1	24.527475630	24.527475630	0.000	48000.000	16-C45-20-06	a	2020
5	Waveform 1	1	24.535913622	24.535913622	0.000	48000.000	16-C45-20-06	a	2020
6	Waveform 1	1	24.545702928	24.545702928	0.000	48000.000	16-C45-20-06	a	2020
7	Waveform 1	1	24.557173640	24.557173640	0.000	48000.000	16-C45-20-06	a	2020
8	Waveform 1	1	24.565353748	24.565353748	0.000	48000.000	16-C45-20-06	a	2020
9	Waveform 1	1	24.576226185	24.576226185	0.000	48000.000	16-C45-20-06	a	2020
10	Waveform 1	1	24.584571322	24.584581637	0.000	48000.000	16-C45-20-06	a	2020
11	Waveform 1	1	24.594742314	24.594742314	0.000	48000.000	16-C45-20-06	a	2020
12	Waveform 1	1	24.606068611	24.606068611	0.000	48000.000	16-C45-20-06	a	2020
13	Waveform 1	1	24.615177102	24.615177102	0.000	48000.000	16-C45-20-06	a	2020
14	Waveform 1	1	24.626616885	24.626616885	0.000	48000.000	16-C45-20-06	a	2020
15	Waveform 1	1	24.974678900	24.974678900	0.000	48000.000	16-C45-20-06	b	2020
16	Waveform 1	1	24.981404540	24.981404540	0.000	48000.000	16-C45-20-06	b	2020
17	Waveform 1	1	24.989337079	24.989337079	0.000	48000.000	16-C45-20-06	b	2020
18	Waveform 1	1	24.999910353	24.999910353	0.000	48000.000	16-C45-20-06	b	2020
19	Waveform 1	1	25.008585599	25.008585599	0.000	48000.000	16-C45-20-06	b	2020
20	Waveform 1	1	25.018282067	25.018282067	0.000	48000.000	16-C45-20-06	b	2020
21	Waveform 1	1	25.029773427	25.029773427	0.000	48000.000	16-C45-20-06	b	2020
22	Waveform 1	1	25.037943219	25.037943219	0.000	48000.000	16-C45-20-06	b	2020
23	Waveform 1	1	25.049238569	25.049238569	0.000	48000.000	16-C45-20-06	b	2020
24	Waveform 1	1	25.057037008	25.057037008	0.000	48000.000	16-C45-20-06	b	2020
25	Waveform 1	1	25.067269876	25.067269876	0.000	48000.000	16-C45-20-06	b	2020
26	Waveform 1	1	25.077564635	25.077564635	0.000	48000.000	16-C45-20-06	b	2020
27	Waveform 1	1	25.085796320	25.085796320	0.000	48000.000	16-C45-20-06	b	2020
28	Waveform 1	1	25.096740965	25.096740965	0.000	48000.000	16-C45-20-06	b	2020
29	Waveform 1	1	25.105117064	25.105117064	0.000	48000.000	16-C45-20-06	b	2020
30	Waveform 1	1	25.115267408	25.115267408	0.000	48000.000	16-C45-20-06	b	2020
31	Waveform 1	1	25.126418344	25.126418344	0.000	48000.000	16-C45-20-06	b	2020
32	Waveform 1	1	25.136486165	25.136486165	0.000	48000.000	16-C45-20-06	b	2020
33	Waveform 1	1	25.640094031	25.640094031	0.000	48000.000	16-C45-20-06	c	2020
34	Waveform 1	1	25.646768658	25.646768658	0.000	48000.000	16-C45-20-06	c	2020
35	Waveform 1	1	25.654793454	25.654793454	0.000	48000.000	16-C45-20-06	c	2020
36	Waveform 1	1	25.665346115	25.665346115	0.000	48000.000	16-C45-20-06	c	2020
37	Waveform 1	1	25.673845999	25.673845999	0.000	48000.000	16-C45-20-06	c	2020
38	Waveform 1	1	25.683532152	25.683532152	0.000	48000.000	16-C45-20-06	c	2020
39	Waveform 1	1	25.694899710	25.694899710	0.000	48000.000	16-C45-20-06	c	2020
40	Waveform 1	1	25.703110764	25.703110764	0.000	48000.000	16-C45-20-06	c	2020
41	Waveform 1	1	25.714364870	25.714364870	0.000	48000.000	16-C45-20-06	c	2020
42	Waveform 1	1	25.722142678	25.722142678	0.000	48000.000	16-C45-20-06	c	2020
43	Waveform 1	1	25.732014507	25.732014507	0.000	48000.000	16-C45-20-06	c	2020
44	Waveform 1	1	25.742886927	25.742886927	0.000	48000.000	16-C45-20-06	c	2020
45	Waveform 1	1	25.751250200	25.751250200	0.000	48000.000	16-C45-20-06	c	2020
46	Waveform 1	1	25.762246051	25.762246051	0.000	48000.000	16-C45-20-06	c	2020
47	Waveform 1	1	25.771976373	25.771976373	0.000	48000.000	16-C45-20-06	c	2020
48	Waveform 1	1	25.783216599	25.783216599	0.000	48000.000	16-C45-20-06	c	2020
49	Waveform 1	1	26.161744415	26.161744415	0.000	48000.000	16-C45-20-06	d	2020
50	Waveform 1	1	26.168433141	26.168433141	0.000	48000.000	16-C45-20-06	d	2020
51	Waveform 1	1	26.176573356	26.176573356	0.000	48000.000	16-C45-20-06	d	2020
52	Waveform 1	1	26.187193586	26.187193586	0.000	48000.000	16-C45-20-06	d	2020
53	Waveform 1	1	26.195727680	26.195727680	0.000	48000.000	16-C45-20-06	d	2020
54	Waveform 1	1	26.205523680	26.205523680	0.000	48000.000	16-C45-20-06	d	2020
55	Waveform 1	1	26.217092139	26.217092139	0.000	48000.000	16-C45-20-06	d	2020
56	Waveform 1	1	26.225232353	26.225232353	0.000	48000.000	16-C45-20-06	d	2020
57	Waveform 1	1	26.236625755	26.236625755	0.000	48000.000	16-C45-20-06	d	2020
58	Waveform 1	1	26.244335619	26.244335619	0.000	48000.000	16-C45-20-06	d	2020
59	Waveform 1	1	26.254576557	26.254576557	0.000	48000.000	16-C45-20-06	d	2020
60	Waveform 1	1	26.265182199	26.265182199	0.000	48000.000	16-C45-20-06	d	2020
61	Waveform 1	1	26.273526648	26.273526648	0.000	48000.000	16-C45-20-06	d	2020
62	Waveform 1	1	26.284620992	26.284620992	0.000	48000.000	16-C45-20-06	d	2020
63	Waveform 1	1	26.293279117	26.293279117	0.000	48000.000	16-C45-20-06	d	2020
64	Waveform 1	1	26.304016021	26.304016021	0.000	48000.000	16-C45-20-06	d	2020
65	Waveform 1	1	26.315584480	26.315584480	0.000	48000.000	16-C45-20-06	d	2020
66	Waveform 1	1	26.818571718	26.818571718	0.000	48000.000	16-C45-20-06	e	2020
67	Waveform 1	1	26.824924885	26.824924885	0.000	48000.000	16-C45-20-06	e	2020
68	Waveform 1	1	26.832875454	26.832875454	0.000	48000.000	16-C45-20-06	e	2020
69	Waveform 1	1	26.843335214	26.843335214	0.000	48000.000	16-C45-20-06	e	2020
70	Waveform 1	1	26.851832838	26.851832838	0.000	48000.000	16-C45-20-06	e	2020
71	Waveform 1	1	26.861599662	26.861599662	0.000	48000.000	16-C45-20-06	e	2020
72	Waveform 1	1	26.872839888	26.872839888	0.000	48000.000	16-C45-20-06	e	2020
73	Waveform 1	1	26.880914455	26.880914455	0.000	48000.000	16-C45-20-06	e	2020
74	Waveform 1	1	26.891986918	26.891986918	0.000	48000.000	16-C45-20-06	e	2020
75	Waveform 1	1	26.900076074	26.900076074	0.000	48000.000	16-C45-20-06	e	2020
76	Waveform 1	1	26.910047131	26.910047131	0.000	48000.000	16-C45-20-06	e	2020
77	Waveform 1	1	26.920557950	26.920557950	0.000	48000.000	16-C45-20-06	e	2020
78	Waveform 1	1	26.929121221	26.929121221	0.000	48000.000	16-C45-20-06	e	2020
79	Waveform 1	1	26.940463564	26.940463564	0.000	48000.000	16-C45-20-06	e	2020
80	Waveform 1	1	26.949800037	26.949800037	0.000	48000.000	16-C45-20-06	e	2020
81	Waveform 1	1	26.961711318	26.961711318	0.000	48000.000	16-C45-20-06	e	2020
82	Waveform 1	1	27.303659181	27.303659181	0.000	48000.000	16-C45-20-06	f	2020
83	Waveform 1	1	27.310318699	27.310318699	0.000	48000.000	16-C45-20-06	f	2020
84	Waveform 1	1	27.318378678	27.318378678	0.000	48000.000	16-C45-20-06	f	2020
85	Waveform 1	1	27.329020790	27.329020790	0.000	48000.000	16-C45-20-06	f	2020
86	Waveform 1	1	27.337635119	27.337635119	0.000	48000.000	16-C45-20-06	f	2020
87	Waveform 1	1	27.347511354	27.347511354	0.000	48000.000	16-C45-20-06	f	2020
88	Waveform 1	1	27.359036049	27.359036049	0.000	48000.000	16-C45-20-06	f	2020
89	Waveform 1	1	27.366986617	27.366986617	0.000	48000.000	16-C45-20-06	f	2020
90	Waveform 1	1	27.378190373	27.378190373	0.000	48000.000	16-C45-20-06	f	2020
91	Waveform 1	1	27.386345207	27.386345207	0.000	48000.000	16-C45-20-06	f	2020
92	Waveform 1	1	27.395951530	27.395951530	0.000	48000.000	16-C45-20-06	f	2020
93	Waveform 1	1	27.407439754	27.407439754	0.000	48000.000	16-C45-20-06	f	2020
94	Waveform 1	1	27.415631059	27.415631059	0.000	48000.000	16-C45-20-06	f	2020
95	Waveform 1	1	27.426440903	27.426440903	0.000	48000.000	16-C45-20-06	f	2020
96	Waveform 1	1	27.435026087	27.435026087	0.000	48000.000	16-C45-20-06	f	2020
97	Waveform 1	1	27.445412907	27.445412907	0.000	48000.000	16-C45-20-06	f	2020
98	Waveform 1	1	27.456740662	27.456740662	0.000	48000.000	16-C45-20-06	f	2020
99	Waveform 1	1	27.468389356	27.468389356	0.000	48000.000	16-C45-20-06	f	2020
100	Waveform 1	1	28.047322836	28.047322836	0.000	48000.000	16-C45-20-06	g	2020
101	Waveform 1	1	28.053763532	28.053763532	0.000	48000.000	16-C45-20-06	g	2020
102	Waveform 1	1	28.061874570	28.061874570	0.000	48000.000	16-C45-20-06	g	2020
103	Waveform 1	1	28.072509388	28.072509388	0.000	48000.000	16-C45-20-06	g	2020
104	Waveform 1	1	28.080919483	28.080919483	0.000	48000.000	16-C45-20-06	g	2020
105	Waveform 1	1	28.090620660	28.090620660	0.000	48000.000	16-C45-20-06	g	2020
106	Waveform 1	1	28.102218296	28.102218296	0.000	48000.000	16-C45-20-06	g	2020
107	Waveform 1	1	28.110394980	28.110394980	0.000	48000.000	16-C45-20-06	g	2020
108	Waveform 1	1	28.121482031	28.121482031	0.000	48000.000	16-C45-20-06	g	2020
109	Waveform 1	1	28.129636833	28.129636833	0.000	48000.000	16-C45-20-06	g	2020
110	Waveform 1	1	28.139768361	28.139768361	0.000	48000.000	16-C45-20-06	g	2020
111	Waveform 1	1	28.150498002	28.150498002	0.000	48000.000	16-C45-20-06	g	2020
112	Waveform 1	1	28.158966449	28.158966449	0.000	48000.000	16-C45-20-06	g	2020
113	Waveform 1	1	28.169696090	28.169696090	0.000	48000.000	16-C45-20-06	g	2020
114	Waveform 1	1	28.180644554	28.180644554	0.000	48000.000	16-C45-20-06	g	2020
115	Waveform 1	1	28.530827485	28.530827485	0.000	48000.000	16-C45-20-06	h	2020
116	Waveform 1	1	28.537428619	28.537428619	0.000	48000.000	16-C45-20-06	h	2020
117	Waveform 1	1	28.545459454	28.545459454	0.000	48000.000	16-C45-20-06	h	2020
118	Waveform 1	1	28.556189095	28.556189095	0.000	48000.000	16-C45-20-06	h	2020
119	Waveform 1	1	28.564584602	28.564584602	0.000	48000.000	16-C45-20-06	h	2020
120	Waveform 1	1	28.574570248	28.574570248	0.000	48000.000	16-C45-20-06	h	2020
121	Waveform 1	1	28.585744827	28.585744827	0.000	48000.000	16-C45-20-06	h	2020
122	Waveform 1	1	28.593892336	28.593892336	0.000	48000.000	16-C45-20-06	h	2020
123	Waveform 1	1	28.605271149	28.605271149	0.000	48000.000	16-C45-20-06	h	2020
124	Waveform 1	1	28.613746890	28.613746890	0.000	48000.000	16-C45-20-06	h	2020
125	Waveform 1	1	28.623192775	28.623192775	0.000	48000.000	16-C45-20-06	h	2020
126	Waveform 1	1	28.633856770	28.633856770	0.000	48000.000	16-C45-20-06	h	2020
127	Waveform 1	1	28.641996984	28.641996984	0.000	48000.000	16-C45-20-06	h	2020
128	Waveform 1	1	28.652901683	28.652901683	0.000	48000.000	16-C45-20-06	h	2020
129	Waveform 1	1	28.661421189	28.661421189	0.000	48000.000	16-C45-20-06	h	2020
130	Waveform 1	1	28.671851773	28.671851773	0.000	48000.000	16-C45-20-06	h	2020
131	Waveform 1	1	28.682537650	28.682537650	0.000	48000.000	16-C45-20-06	h	2020
132	Waveform 1	1	28.693099527	28.693099527	0.000	48000.000	16-C45-20-06	h	2020
133	Waveform 1	1	29.212841308	29.212841308	0.000	48000.000	16-C45-20-06	i	2020
134	Waveform 1	1	29.219267416	29.219267416	0.000	48000.000	16-C45-20-06	i	2020
135	Waveform 1	1	29.227188808	29.227188808	0.000	48000.000	16-C45-20-06	i	2020
136	Waveform 1	1	29.237688546	29.237688546	0.000	48000.000	16-C45-20-06	i	2020
137	Waveform 1	1	29.246076610	29.246076610	0.000	48000.000	16-C45-20-06	i	2020
138	Waveform 1	1	29.255821551	29.255821551	0.000	48000.000	16-C45-20-06	i	2020
139	Waveform 1	1	29.267433775	29.267433775	0.000	48000.000	16-C45-20-06	i	2020
140	Waveform 1	1	29.275573989	29.275573989	0.000	48000.000	16-C45-20-06	i	2020
141	Waveform 1	1	29.286755863	29.286755863	0.000	48000.000	16-C45-20-06	i	2020
142	Waveform 1	1	29.294589726	29.294589726	0.000	48000.000	16-C45-20-06	i	2020
143	Waveform 1	1	29.304867135	29.304867135	0.000	48000.000	16-C45-20-06	i	2020
144	Waveform 1	1	29.315224778	29.315224778	0.000	48000.000	16-C45-20-06	i	2020
145	Waveform 1	1	29.323868283	29.323868283	0.000	48000.000	16-C45-20-06	i	2020
146	Waveform 1	1	29.334911569	29.334911569	0.000	48000.000	16-C45-20-06	i	2020
147	Waveform 1	1	29.344984744	29.344984744	0.000	48000.000	16-C45-20-06	i	2020
148	Waveform 1	1	29.357946371	29.357946371	0.000	48000.000	16-C45-20-06	i	2020
149	Waveform 1	1	29.694700824	29.694700824	0.000	48000.000	16-C45-20-06	j	2020
150	Waveform 1	1	29.701243636	29.701243636	0.000	48000.000	16-C45-20-06	j	2020
151	Waveform 1	1	29.709274472	29.709274472	0.000	48000.000	16-C45-20-06	j	2020
152	Waveform 1	1	29.720084316	29.720084316	0.000	48000.000	16-C45-20-06	j	2020
153	Waveform 1	1	29.728720559	29.728720559	0.000	48000.000	16-C45-20-06	j	2020
154	Waveform 1	1	29.738844792	29.738844792	0.000	48000.000	16-C45-20-06	j	2020
155	Waveform 1	1	29.749982869	29.749982869	0.000	48000.000	16-C45-20-06	j	2020
156	Waveform 1	1	29.758290879	29.758290879	0.000	48000.000	16-C45-20-06	j	2020
157	Waveform 1	1	29.770012513	29.770012513	0.000	48000.000	16-C45-20-06	j	2020
158	Waveform 1	1	29.777839083	29.777839083	0.000	48000.000	16-C45-20-06	j	2020
159	Waveform 1	1	29.787977904	29.787977904	0.000	48000.000	16-C45-20-06	j	2020
160	Waveform 1	1	29.798430371	29.798430371	0.000	48000.000	16-C45-20-06	j	2020
161	Waveform 1	1	29.806803995	29.806803995	0.000	48000.000	16-C45-20-06	j	2020
162	Waveform 1	1	29.817752458	29.817752458	0.000	48000.000	16-C45-20-06	j	2020
163	Waveform 1	1	29.826476198	29.826476198	0.000	48000.000	16-C45-20-06	j	2020
164	Waveform 1	1	29.836819254	29.836819254	0.000	48000.000	16-C45-20-06	j	2020
165	Waveform 1	1	29.848307478	29.848307478	0.000	48000.000	16-C45-20-06	j	2020
166	Waveform 1	1	29.859314294	29.859314294	0.000	48000.000	16-C45-20-06	j	2020
