Selection	View	Channel	Begin Time (s)	End Time (s)	Low Freq (Hz)	High Freq (Hz)	file	syllable	year
1	Waveform 1	1	41.795352185	41.795352185	0.0	48000.0	29-C45-20-07	a	2020
2	Waveform 1	1	41.801544348	41.801544348	0.0	48000.0	29-C45-20-07	a	2020
3	Waveform 1	1	41.809153956	41.809153956	0.0	48000.0	29-C45-20-07	a	2020
4	Waveform 1	1	41.819059797	41.819059797	0.0	48000.0	29-C45-20-07	a	2020
5	Waveform 1	1	41.826860137	41.826860137	0.0	48000.0	29-C45-20-07	a	2020
6	Waveform 1	1	41.835464547	41.835464547	0.0	48000.0	29-C45-20-07	a	2020
7	Waveform 1	1	41.846182786	41.846182786	0.0	48000.0	29-C45-20-07	a	2020
8	Waveform 1	1	41.852996691	41.852996691	0.0	48000.0	29-C45-20-07	a	2020
9	Waveform 1	1	41.863142963	41.863142963	0.0	48000.0	29-C45-20-07	a	2020
10	Waveform 1	1	41.872095526	41.872095526	0.0	48000.0	29-C45-20-07	a	2020
11	Waveform 1	1	41.880127969	41.880127969	0.0	48000.0	29-C45-20-07	a	2020
12	Waveform 1	1	41.890912523	41.890912523	0.0	48000.0	29-C45-20-07	a	2020
13	Waveform 1	1	41.897892215	41.897892215	0.0	48000.0	29-C45-20-07	a	2020
14	Waveform 1	1	41.907947265	41.907947265	0.0	48000.0	29-C45-20-07	a	2020
15	Waveform 1	1	41.918027222	41.918027222	0.0	48000.0	29-C45-20-07	a	2020
16	Waveform 1	1	41.927443991	41.927443991	0.0	48000.0	29-C45-20-07	a	2020
17	Waveform 1	1	41.939098929	41.939098929	0.0	48000.0	29-C45-20-07	a	2020
18	Waveform 1	1	42.286475479	42.286475479	0.0	48000.0	29-C45-20-07	b	2020
19	Waveform 1	1	42.292559919	42.292559919	0.0	48000.0	29-C45-20-07	b	2020
20	Waveform 1	1	42.300227629	42.300227629	0.0	48000.0	29-C45-20-07	b	2020
21	Waveform 1	1	42.310166628	42.310166628	0.0	48000.0	29-C45-20-07	b	2020
22	Waveform 1	1	42.317121452	42.317121452	0.0	48000.0	29-C45-20-07	b	2020
23	Waveform 1	1	42.326463655	42.326463655	0.0	48000.0	29-C45-20-07	b	2020
24	Waveform 1	1	42.336468969	42.336468969	0.0	48000.0	29-C45-20-07	b	2020
25	Waveform 1	1	42.343448661	42.343448661	0.0	48000.0	29-C45-20-07	b	2020
26	Waveform 1	1	42.354158611	42.354158611	0.0	48000.0	29-C45-20-07	b	2020
27	Waveform 1	1	42.361105146	42.361105146	0.0	48000.0	29-C45-20-07	b	2020
28	Waveform 1	1	42.370049420	42.370049420	0.0	48000.0	29-C45-20-07	b	2020
29	Waveform 1	1	42.380046483	42.380046483	0.0	48000.0	29-C45-20-07	b	2020
30	Waveform 1	1	42.386943281	42.386943281	0.0	48000.0	29-C45-20-07	b	2020
31	Waveform 1	1	42.397586877	42.397586877	0.0	48000.0	29-C45-20-07	b	2020
32	Waveform 1	1	42.405080511	42.405080511	0.0	48000.0	29-C45-20-07	b	2020
33	Waveform 1	1	42.414331530	42.414331530	0.0	48000.0	29-C45-20-07	b	2020
34	Waveform 1	1	42.423184621	42.423184621	0.0	48000.0	29-C45-20-07	b	2020
35	Waveform 1	1	42.432800334	42.432800334	0.0	48000.0	29-C45-20-07	b	2020
36	Waveform 1	1	42.442076222	42.442076222	0.0	48000.0	29-C45-20-07	b	2020
37	Waveform 1	1	42.453615109	42.453615109	0.0	48000.0	29-C45-20-07	b	2020
38	Waveform 1	1	42.951254007	42.951254007	0.0	48000.0	29-C45-20-07	c	2020
39	Waveform 1	1	42.957429630	42.957429630	0.0	48000.0	29-C45-20-07	c	2020
40	Waveform 1	1	42.965130497	42.965130497	0.0	48000.0	29-C45-20-07	c	2020
41	Waveform 1	1	42.975193837	42.975193837	0.0	48000.0	29-C45-20-07	c	2020
42	Waveform 1	1	42.982471947	42.982471947	0.0	48000.0	29-C45-20-07	c	2020
43	Waveform 1	1	42.991664941	42.991664941	0.0	48000.0	29-C45-20-07	c	2020
44	Waveform 1	1	43.001844331	43.001844331	0.0	48000.0	29-C45-20-07	c	2020
45	Waveform 1	1	43.008964943	43.008964943	0.0	48000.0	29-C45-20-07	c	2020
46	Waveform 1	1	43.019509105	43.019509105	0.0	48000.0	29-C45-20-07	c	2020
47	Waveform 1	1	43.026812083	43.026812083	0.0	48000.0	29-C45-20-07	c	2020
48	Waveform 1	1	43.035731489	43.035731489	0.0	48000.0	29-C45-20-07	c	2020
49	Waveform 1	1	43.045421846	43.045421846	0.0	48000.0	29-C45-20-07	c	2020
50	Waveform 1	1	43.053495735	43.053495735	0.0	48000.0	29-C45-20-07	c	2020
51	Waveform 1	1	43.064296829	43.064296829	0.0	48000.0	29-C45-20-07	c	2020
52	Waveform 1	1	43.072926146	43.072926146	0.0	48000.0	29-C45-20-07	c	2020
53	Waveform 1	1	43.082948038	43.082948038	0.0	48000.0	29-C45-20-07	c	2020
54	Waveform 1	1	43.093989563	43.093989563	0.0	48000.0	29-C45-20-07	c	2020
55	Waveform 1	1	43.433971799	43.433971799	0.0	48000.0	29-C45-20-07	d	2020
56	Waveform 1	1	43.440023042	43.440023042	0.0	48000.0	29-C45-20-07	d	2020
57	Waveform 1	1	43.447765396	43.447765396	0.0	48000.0	29-C45-20-07	d	2020
58	Waveform 1	1	43.457953076	43.457953076	0.0	48000.0	29-C45-20-07	d	2020
59	Waveform 1	1	43.464945143	43.464945143	0.0	48000.0	29-C45-20-07	d	2020
60	Waveform 1	1	43.474220992	43.474220992	0.0	48000.0	29-C45-20-07	d	2020
61	Waveform 1	1	43.484309239	43.484309239	0.0	48000.0	29-C45-20-07	d	2020
62	Waveform 1	1	43.491222616	43.491222616	0.0	48000.0	29-C45-20-07	d	2020
63	Waveform 1	1	43.501717042	43.501717042	0.0	48000.0	29-C45-20-07	d	2020
64	Waveform 1	1	43.508613840	43.508613840	0.0	48000.0	29-C45-20-07	d	2020
65	Waveform 1	1	43.518080345	43.518080345	0.0	48000.0	29-C45-20-07	d	2020
66	Waveform 1	1	43.526444362	43.526444362	0.0	48000.0	29-C45-20-07	d	2020
67	Waveform 1	1	43.534692368	43.534692368	0.0	48000.0	29-C45-20-07	d	2020
68	Waveform 1	1	43.545137019	43.545137019	0.0	48000.0	29-C45-20-07	d	2020
69	Waveform 1	1	43.551810004	43.551810004	0.0	48000.0	29-C45-20-07	d	2020
70	Waveform 1	1	43.562221536	43.562221536	0.0	48000.0	29-C45-20-07	d	2020
71	Waveform 1	1	43.570651869	43.570651869	0.0	48000.0	29-C45-20-07	d	2020
72	Waveform 1	1	43.579322594	43.579322594	0.0	48000.0	29-C45-20-07	d	2020
73	Waveform 1	1	43.588175684	43.588175684	0.0	48000.0	29-C45-20-07	d	2020
74	Waveform 1	1	43.598023539	43.598023539	0.0	48000.0	29-C45-20-07	d	2020
75	Waveform 1	1	43.608683714	43.608683714	0.0	48000.0	29-C45-20-07	d	2020
76	Waveform 1	1	44.105734065	44.105734065	0.0	48000.0	29-C45-20-07	e	2020
77	Waveform 1	1	44.111992621	44.111992621	0.0	48000.0	29-C45-20-07	e	2020
78	Waveform 1	1	44.119759765	44.119759765	0.0	48000.0	29-C45-20-07	e	2020
79	Waveform 1	1	44.129831432	44.129831432	0.0	48000.0	29-C45-20-07	e	2020
80	Waveform 1	1	44.136794546	44.136794546	0.0	48000.0	29-C45-20-07	e	2020
81	Waveform 1	1	44.146037237	44.146037237	0.0	48000.0	29-C45-20-07	e	2020
82	Waveform 1	1	44.156539953	44.156539953	0.0	48000.0	29-C45-20-07	e	2020
83	Waveform 1	1	44.163503066	44.163503066	0.0	48000.0	29-C45-20-07	e	2020
84	Waveform 1	1	44.174030650	44.174030650	0.0	48000.0	29-C45-20-07	e	2020
85	Waveform 1	1	44.181781254	44.181781254	0.0	48000.0	29-C45-20-07	e	2020
86	Waveform 1	1	44.190775264	44.190775264	0.0	48000.0	29-C45-20-07	e	2020
87	Waveform 1	1	44.200888379	44.200888379	0.0	48000.0	29-C45-20-07	e	2020
88	Waveform 1	1	44.207901228	44.207901228	0.0	48000.0	29-C45-20-07	e	2020
89	Waveform 1	1	44.218702322	44.218702322	0.0	48000.0	29-C45-20-07	e	2020
90	Waveform 1	1	44.227969921	44.227969921	0.0	48000.0	29-C45-20-07	e	2020
91	Waveform 1	1	44.237129718	44.237129718	0.0	48000.0	29-C45-20-07	e	2020
92	Waveform 1	1	44.248730686	44.248730686	0.0	48000.0	29-C45-20-07	e	2020
93	Waveform 1	1	44.599397964	44.599397964	0.0	48000.0	29-C45-20-07	f	2020
94	Waveform 1	1	44.605424379	44.605424379	0.0	48000.0	29-C45-20-07	f	2020
95	Waveform 1	1	44.613133536	44.613133536	0.0	48000.0	29-C45-20-07	f	2020
96	Waveform 1	1	44.623271519	44.623271519	0.0	48000.0	29-C45-20-07	f	2020
97	Waveform 1	1	44.630309236	44.630309236	0.0	48000.0	29-C45-20-07	f	2020
98	Waveform 1	1	44.639651400	44.639651400	0.0	48000.0	29-C45-20-07	f	2020
99	Waveform 1	1	44.649963460	44.649963460	0.0	48000.0	29-C45-20-07	f	2020
100	Waveform 1	1	44.656777365	44.656777365	0.0	48000.0	29-C45-20-07	f	2020
101	Waveform 1	1	44.667321488	44.667321488	0.0	48000.0	29-C45-20-07	f	2020
102	Waveform 1	1	44.674707359	44.674707359	0.0	48000.0	29-C45-20-07	f	2020
103	Waveform 1	1	44.683262072	44.683262072	0.0	48000.0	29-C45-20-07	f	2020
104	Waveform 1	1	44.693681854	44.693681854	0.0	48000.0	29-C45-20-07	f	2020
105	Waveform 1	1	44.700379708	44.700379708	0.0	48000.0	29-C45-20-07	f	2020
106	Waveform 1	1	44.710376732	44.710376732	0.0	48000.0	29-C45-20-07	f	2020
107	Waveform 1	1	44.719047496	44.719047496	0.0	48000.0	29-C45-20-07	f	2020
108	Waveform 1	1	44.726864415	44.726864415	0.0	48000.0	29-C45-20-07	f	2020
109	Waveform 1	1	44.736803414	44.736803414	0.0	48000.0	29-C45-20-07	f	2020
110	Waveform 1	1	44.745150892	44.745150892	0.0	48000.0	29-C45-20-07	f	2020
111	Waveform 1	1	44.754973839	44.754973839	0.0	48000.0	29-C45-20-07	f	2020
112	Waveform 1	1	44.765733525	44.765733525	0.0	48000.0	29-C45-20-07	f	2020
113	Waveform 1	1	44.778590423	44.778590423	0.0	48000.0	29-C45-20-07	f	2020
114	Waveform 1	1	45.308947522	45.308947522	0.0	48000.0	29-C45-20-07	g	2020
115	Waveform 1	1	45.314845385	45.314845385	0.0	48000.0	29-C45-20-07	g	2020
116	Waveform 1	1	45.322736908	45.322736908	0.0	48000.0	29-C45-20-07	g	2020
117	Waveform 1	1	45.332808576	45.332808576	0.0	48000.0	29-C45-20-07	g	2020
118	Waveform 1	1	45.339879451	45.339879451	0.0	48000.0	29-C45-20-07	g	2020
119	Waveform 1	1	45.348931487	45.348931487	0.0	48000.0	29-C45-20-07	g	2020
120	Waveform 1	1	45.359401006	45.359401006	0.0	48000.0	29-C45-20-07	g	2020
121	Waveform 1	1	45.366090609	45.366090609	0.0	48000.0	29-C45-20-07	g	2020
122	Waveform 1	1	45.376319736	45.376319736	0.0	48000.0	29-C45-20-07	g	2020
123	Waveform 1	1	45.385346904	45.385346904	0.0	48000.0	29-C45-20-07	g	2020
124	Waveform 1	1	45.393089257	45.393089257	0.0	48000.0	29-C45-20-07	g	2020
125	Waveform 1	1	45.403774300	45.403774300	0.0	48000.0	29-C45-20-07	g	2020
126	Waveform 1	1	45.410820307	45.410820307	0.0	48000.0	29-C45-20-07	g	2020
127	Waveform 1	1	45.420610136	45.420610136	0.0	48000.0	29-C45-20-07	g	2020
128	Waveform 1	1	45.429786513	45.429786513	0.0	48000.0	29-C45-20-07	g	2020
129	Waveform 1	1	45.439087230	45.439087230	0.0	48000.0	29-C45-20-07	g	2020
130	Waveform 1	1	45.450045861	45.450045861	0.0	48000.0	29-C45-20-07	g	2020
131	Waveform 1	1	45.782426854	45.782426854	0.0	48000.0	29-C45-20-07	h	2020
132	Waveform 1	1	45.788328889	45.788328889	0.0	48000.0	29-C45-20-07	h	2020
133	Waveform 1	1	45.796062914	45.796062914	0.0	48000.0	29-C45-20-07	h	2020
134	Waveform 1	1	45.806159450	45.806159450	0.0	48000.0	29-C45-20-07	h	2020
135	Waveform 1	1	45.813470717	45.813470717	0.0	48000.0	29-C45-20-07	h	2020
136	Waveform 1	1	45.822638805	45.822638805	0.0	48000.0	29-C45-20-07	h	2020
137	Waveform 1	1	45.833075205	45.833075205	0.0	48000.0	29-C45-20-07	h	2020
138	Waveform 1	1	45.839665143	45.839665143	0.0	48000.0	29-C45-20-07	h	2020
139	Waveform 1	1	45.850234173	45.850234173	0.0	48000.0	29-C45-20-07	h	2020
140	Waveform 1	1	45.857578598	45.857578598	0.0	48000.0	29-C45-20-07	h	2020
141	Waveform 1	1	45.866207876	45.866207876	0.0	48000.0	29-C45-20-07	h	2020
142	Waveform 1	1	45.876967562	45.876967562	0.0	48000.0	29-C45-20-07	h	2020
143	Waveform 1	1	45.883599100	45.883599100	0.0	48000.0	29-C45-20-07	h	2020
144	Waveform 1	1	45.893927700	45.893927700	0.0	48000.0	29-C45-20-07	h	2020
145	Waveform 1	1	45.901885538	45.901885538	0.0	48000.0	29-C45-20-07	h	2020
146	Waveform 1	1	45.910755246	45.910755246	0.0	48000.0	29-C45-20-07	h	2020
147	Waveform 1	1	45.919425971	45.919425971	0.0	48000.0	29-C45-20-07	h	2020
148	Waveform 1	1	45.928784714	45.928784714	0.0	48000.0	29-C45-20-07	h	2020
149	Waveform 1	1	45.937969419	45.937969419	0.0	48000.0	29-C45-20-07	h	2020
150	Waveform 1	1	45.948024469	45.948024469	0.0	48000.0	29-C45-20-07	h	2020
151	Waveform 1	1	45.959903220	45.959903220	0.0	48000.0	29-C45-20-07	h	2020
152	Waveform 1	1	46.494119585	46.494119585	0.0	48000.0	29-C45-20-07	i	2020
153	Waveform 1	1	46.500295463	46.500295463	0.0	48000.0	29-C45-20-07	i	2020
154	Waveform 1	1	46.508009067	46.508009067	0.0	48000.0	29-C45-20-07	i	2020
155	Waveform 1	1	46.518119603	46.518119603	0.0	48000.0	29-C45-20-07	i	2020
156	Waveform 1	1	46.525747326	46.525747326	0.0	48000.0	29-C45-20-07	i	2020
157	Waveform 1	1	46.535122686	46.535122686	0.0	48000.0	29-C45-20-07	i	2020
158	Waveform 1	1	46.545252341	46.545252341	0.0	48000.0	29-C45-20-07	i	2020
159	Waveform 1	1	46.552306638	46.552306638	0.0	48000.0	29-C45-20-07	i	2020
160	Waveform 1	1	46.563174085	46.563174085	0.0	48000.0	29-C45-20-07	i	2020
161	Waveform 1	1	46.570825217	46.570825217	0.0	48000.0	29-C45-20-07	i	2020
162	Waveform 1	1	46.580034751	46.580034751	0.0	48000.0	29-C45-20-07	i	2020
163	Waveform 1	1	46.589468137	46.589468137	0.0	48000.0	29-C45-20-07	i	2020
164	Waveform 1	1	46.597376239	46.597376239	0.0	48000.0	29-C45-20-07	i	2020
165	Waveform 1	1	46.608152465	46.608152465	0.0	48000.0	29-C45-20-07	i	2020
166	Waveform 1	1	46.619169121	46.619169121	0.0	48000.0	29-C45-20-07	i	2020
167	Waveform 1	1	46.630940111	46.630940111	0.0	48000.0	29-C45-20-07	i	2020
168	Waveform 1	1	46.975995597	46.975995597	0.0	48000.0	29-C45-20-07	j	2020
169	Waveform 1	1	46.982030301	46.982030301	0.0	48000.0	29-C45-20-07	j	2020
170	Waveform 1	1	46.989797483	46.989797483	0.0	48000.0	29-C45-20-07	j	2020
171	Waveform 1	1	47.000018360	47.000018360	0.0	48000.0	29-C45-20-07	j	2020
172	Waveform 1	1	47.006848843	47.006848843	0.0	48000.0	29-C45-20-07	j	2020
173	Waveform 1	1	47.016282190	47.016282190	0.0	48000.0	29-C45-20-07	j	2020
174	Waveform 1	1	47.026138335	47.026138335	0.0	48000.0	29-C45-20-07	j	2020
175	Waveform 1	1	47.033192631	47.033192631	0.0	48000.0	29-C45-20-07	j	2020
176	Waveform 1	1	47.044051751	47.044051751	0.0	48000.0	29-C45-20-07	j	2020
177	Waveform 1	1	47.051056350	47.051056350	0.0	48000.0	29-C45-20-07	j	2020
178	Waveform 1	1	47.060506122	47.060506122	0.0	48000.0	29-C45-20-07	j	2020
179	Waveform 1	1	47.070146704	47.070146704	0.0	48000.0	29-C45-20-07	j	2020
180	Waveform 1	1	47.078585365	47.078585365	0.0	48000.0	29-C45-20-07	j	2020
181	Waveform 1	1	47.087968975	47.087968975	0.0	48000.0	29-C45-20-07	j	2020
182	Waveform 1	1	47.095611818	47.095611818	0.0	48000.0	29-C45-20-07	j	2020
183	Waveform 1	1	47.104440040	47.104440040	0.0	48000.0	29-C45-20-07	j	2020
184	Waveform 1	1	47.114014346	47.114014346	0.0	48000.0	29-C45-20-07	j	2020
185	Waveform 1	1	47.122651913	47.122651913	0.0	48000.0	29-C45-20-07	j	2020
186	Waveform 1	1	47.131985787	47.131985787	0.0	48000.0	29-C45-20-07	j	2020
187	Waveform 1	1	47.142919550	47.142919550	0.0	48000.0	29-C45-20-07	j	2020
