Selection	View	Channel	Begin Time (s)	End Time (s)	Low Freq (Hz)	High Freq (Hz)	file	syllable	year
1	Waveform 1	1	22.112319889	22.112319889	0.0	48000.0	30-C45-20-08	a	2020
2	Waveform 1	1	22.119636227	22.119636227	0.0	48000.0	30-C45-20-08	a	2020
3	Waveform 1	1	22.129191967	22.129191967	0.0	48000.0	30-C45-20-08	a	2020
4	Waveform 1	1	22.139407293	22.139407293	0.0	48000.0	30-C45-20-08	a	2020
5	Waveform 1	1	22.148137165	22.148137165	0.0	48000.0	30-C45-20-08	a	2020
6	Waveform 1	1	22.159050903	22.159050903	0.0	48000.0	30-C45-20-08	a	2020
7	Waveform 1	1	22.167438218	22.167438218	0.0	48000.0	30-C45-20-08	a	2020
8	Waveform 1	1	22.178262795	22.178262795	0.0	48000.0	30-C45-20-08	a	2020
9	Waveform 1	1	22.186803170	22.186803170	0.0	48000.0	30-C45-20-08	a	2020
10	Waveform 1	1	22.197599862	22.197599862	0.0	48000.0	30-C45-20-08	a	2020
11	Waveform 1	1	22.205953697	22.205953697	0.0	48000.0	30-C45-20-08	a	2020
12	Waveform 1	1	22.218083667	22.218083667	0.0	48000.0	30-C45-20-08	a	2020
13	Waveform 1	1	22.229532946	22.229532946	0.0	48000.0	30-C45-20-08	a	2020
14	Waveform 1	1	22.244671538	22.244671538	0.0	48000.0	30-C45-20-08	a	2020
15	Waveform 1	1	22.256128489	22.256128489	0.0	48000.0	30-C45-20-08	a	2020
16	Waveform 1	1	22.645689161	22.645689161	0.0	48000.0	30-C45-20-08	b	2020
17	Waveform 1	1	22.652747079	22.652747079	0.0	48000.0	30-C45-20-08	b	2020
18	Waveform 1	1	22.661968078	22.661968078	0.0	48000.0	30-C45-20-08	b	2020
19	Waveform 1	1	22.672466414	22.672466414	0.0	48000.0	30-C45-20-08	b	2020
20	Waveform 1	1	22.681398314	22.681398314	0.0	48000.0	30-C45-20-08	b	2020
21	Waveform 1	1	22.692260271	22.692260271	0.0	48000.0	30-C45-20-08	b	2020
22	Waveform 1	1	22.700679439	22.700679439	0.0	48000.0	30-C45-20-08	b	2020
23	Waveform 1	1	22.711410798	22.711410798	0.0	48000.0	30-C45-20-08	b	2020
24	Waveform 1	1	22.719680788	22.719680788	0.0	48000.0	30-C45-20-08	b	2020
25	Waveform 1	1	22.730263036	22.730263036	0.0	48000.0	30-C45-20-08	b	2020
26	Waveform 1	1	22.738570320	22.738570320	0.0	48000.0	30-C45-20-08	b	2020
27	Waveform 1	1	22.749320327	22.749320327	0.0	48000.0	30-C45-20-08	b	2020
28	Waveform 1	1	22.758047174	22.758047174	0.0	48000.0	30-C45-20-08	b	2020
29	Waveform 1	1	22.769048986	22.769048986	0.0	48000.0	30-C45-20-08	b	2020
30	Waveform 1	1	22.779808316	22.779808316	0.0	48000.0	30-C45-20-08	b	2020
31	Waveform 1	1	22.793243595	22.793243595	0.0	48000.0	30-C45-20-08	b	2020
32	Waveform 1	1	22.806779867	22.806779867	0.0	48000.0	30-C45-20-08	b	2020
33	Waveform 1	1	22.819067887	22.819067887	0.0	48000.0	30-C45-20-08	b	2020
34	Waveform 1	1	23.461433946	23.461433946	0.0	48000.0	30-C45-20-08	c	2020
35	Waveform 1	1	23.468687660	23.468687660	0.0	48000.0	30-C45-20-08	c	2020
36	Waveform 1	1	23.478076484	23.478076484	0.0	48000.0	30-C45-20-08	c	2020
37	Waveform 1	1	23.488099248	23.488099248	0.0	48000.0	30-C45-20-08	c	2020
38	Waveform 1	1	23.497087157	23.497087157	0.0	48000.0	30-C45-20-08	c	2020
39	Waveform 1	1	23.508042351	23.508042351	0.0	48000.0	30-C45-20-08	c	2020
40	Waveform 1	1	23.516722580	23.516722580	0.0	48000.0	30-C45-20-08	c	2020
41	Waveform 1	1	23.527230172	23.527230172	0.0	48000.0	30-C45-20-08	c	2020
42	Waveform 1	1	23.535733252	23.535733252	0.0	48000.0	30-C45-20-08	c	2020
43	Waveform 1	1	23.546818977	23.546818977	0.0	48000.0	30-C45-20-08	c	2020
44	Waveform 1	1	23.555536500	23.555536500	0.0	48000.0	30-C45-20-08	c	2020
45	Waveform 1	1	23.567237517	23.567237517	0.0	48000.0	30-C45-20-08	c	2020
46	Waveform 1	1	23.579992104	23.579992104	0.0	48000.0	30-C45-20-08	c	2020
47	Waveform 1	1	23.593065558	23.593065558	0.0	48000.0	30-C45-20-08	c	2020
48	Waveform 1	1	23.606029347	23.606029347	0.0	48000.0	30-C45-20-08	c	2020
49	Waveform 1	1	24.004455755	24.004455755	0.0	48000.0	30-C45-20-08	d	2020
50	Waveform 1	1	24.011550967	24.011550967	0.0	48000.0	30-C45-20-08	d	2020
51	Waveform 1	1	24.020734672	24.020734672	0.0	48000.0	30-C45-20-08	d	2020
52	Waveform 1	1	24.030841416	24.030841416	0.0	48000.0	30-C45-20-08	d	2020
53	Waveform 1	1	24.039978503	24.039978503	0.0	48000.0	30-C45-20-08	d	2020
54	Waveform 1	1	24.050607302	24.050607302	0.0	48000.0	30-C45-20-08	d	2020
55	Waveform 1	1	24.059007823	24.059007823	0.0	48000.0	30-C45-20-08	d	2020
56	Waveform 1	1	24.069664660	24.069664660	0.0	48000.0	30-C45-20-08	d	2020
57	Waveform 1	1	24.077934583	24.077934583	0.0	48000.0	30-C45-20-08	d	2020
58	Waveform 1	1	24.088600744	24.088600744	0.0	48000.0	30-C45-20-08	d	2020
59	Waveform 1	1	24.095723927	24.095723927	0.0	48000.0	30-C45-20-08	d	2020
60	Waveform 1	1	24.107975105	24.107975105	0.0	48000.0	30-C45-20-08	d	2020
61	Waveform 1	1	24.116347587	24.116347587	0.0	48000.0	30-C45-20-08	d	2020
62	Waveform 1	1	24.128076642	24.128076642	0.0	48000.0	30-C45-20-08	d	2020
63	Waveform 1	1	24.138761383	24.138761383	0.0	48000.0	30-C45-20-08	d	2020
64	Waveform 1	1	24.154131185	24.154131185	0.0	48000.0	30-C45-20-08	d	2020
65	Waveform 1	1	24.164825317	24.164825317	0.0	48000.0	30-C45-20-08	d	2020
66	Waveform 1	1	24.947084629	24.947084629	0.0	48000.0	30-C45-20-08	e	2020
67	Waveform 1	1	24.954450227	24.954450227	0.0	48000.0	30-C45-20-08	e	2020
68	Waveform 1	1	24.963671226	24.963671226	0.0	48000.0	30-C45-20-08	e	2020
69	Waveform 1	1	24.973610145	24.973610145	0.0	48000.0	30-C45-20-08	e	2020
70	Waveform 1	1	24.982691290	24.982691290	0.0	48000.0	30-C45-20-08	e	2020
71	Waveform 1	1	24.993254824	24.993254824	0.0	48000.0	30-C45-20-08	e	2020
72	Waveform 1	1	25.001524813	25.001524813	0.0	48000.0	30-C45-20-08	e	2020
73	Waveform 1	1	25.012051120	25.012051120	0.0	48000.0	30-C45-20-08	e	2020
74	Waveform 1	1	25.020432993	25.020432993	0.0	48000.0	30-C45-20-08	e	2020
75	Waveform 1	1	25.031155029	25.031155029	0.0	48000.0	30-C45-20-08	e	2020
76	Waveform 1	1	25.039947142	25.039947142	0.0	48000.0	30-C45-20-08	e	2020
77	Waveform 1	1	25.051433782	25.051433782	0.0	48000.0	30-C45-20-08	e	2020
78	Waveform 1	1	25.063479773	25.063479773	0.0	48000.0	30-C45-20-08	e	2020
79	Waveform 1	1	25.077698169	25.077698169	0.0	48000.0	30-C45-20-08	e	2020
80	Waveform 1	1	25.089548364	25.089548364	0.0	48000.0	30-C45-20-08	e	2020
81	Waveform 1	1	25.478941465	25.478941465	0.0	48000.0	30-C45-20-08	f	2020
82	Waveform 1	1	25.486120590	25.486120590	0.0	48000.0	30-C45-20-08	f	2020
83	Waveform 1	1	25.495314347	25.495314347	0.0	48000.0	30-C45-20-08	f	2020
84	Waveform 1	1	25.506007666	25.506007666	0.0	48000.0	30-C45-20-08	f	2020
85	Waveform 1	1	25.514696917	25.514696917	0.0	48000.0	30-C45-20-08	f	2020
86	Waveform 1	1	25.526069321	25.526069321	0.0	48000.0	30-C45-20-08	f	2020
87	Waveform 1	1	25.533908101	25.533908101	0.0	48000.0	30-C45-20-08	f	2020
88	Waveform 1	1	25.545128929	25.545128929	0.0	48000.0	30-C45-20-08	f	2020
89	Waveform 1	1	25.553363218	25.553363218	0.0	48000.0	30-C45-20-08	f	2020
90	Waveform 1	1	25.564148921	25.564148921	0.0	48000.0	30-C45-20-08	f	2020
91	Waveform 1	1	25.572488754	25.572488754	0.0	48000.0	30-C45-20-08	f	2020
92	Waveform 1	1	25.583650246	25.583650246	0.0	48000.0	30-C45-20-08	f	2020
93	Waveform 1	1	25.593638220	25.593638220	0.0	48000.0	30-C45-20-08	f	2020
94	Waveform 1	1	25.604714006	25.604714006	0.0	48000.0	30-C45-20-08	f	2020
95	Waveform 1	1	25.619518705	25.619518705	0.0	48000.0	30-C45-20-08	f	2020
96	Waveform 1	1	25.630770120	25.630770120	0.0	48000.0	30-C45-20-08	f	2020
97	Waveform 1	1	26.630476439	26.630476439	0.0	48000.0	30-C45-20-08	g	2020
98	Waveform 1	1	26.637814108	26.637814108	0.0	48000.0	30-C45-20-08	g	2020
99	Waveform 1	1	26.646925298	26.646925298	0.0	48000.0	30-C45-20-08	g	2020
100	Waveform 1	1	26.656603411	26.656603411	0.0	48000.0	30-C45-20-08	g	2020
101	Waveform 1	1	26.665187118	26.665187118	0.0	48000.0	30-C45-20-08	g	2020
102	Waveform 1	1	26.675906893	26.675906893	0.0	48000.0	30-C45-20-08	g	2020
103	Waveform 1	1	26.684108277	26.684108277	0.0	48000.0	30-C45-20-08	g	2020
104	Waveform 1	1	26.694432484	26.694432484	0.0	48000.0	30-C45-20-08	g	2020
105	Waveform 1	1	26.702739295	26.702739295	0.0	48000.0	30-C45-20-08	g	2020
106	Waveform 1	1	26.713307435	26.713307435	0.0	48000.0	30-C45-20-08	g	2020
107	Waveform 1	1	26.722036185	26.722036185	0.0	48000.0	30-C45-20-08	g	2020
108	Waveform 1	1	26.732861444	26.732861444	0.0	48000.0	30-C45-20-08	g	2020
109	Waveform 1	1	26.743666925	26.743666925	0.0	48000.0	30-C45-20-08	g	2020
110	Waveform 1	1	26.758698168	26.758698168	0.0	48000.0	30-C45-20-08	g	2020
111	Waveform 1	1	26.768920957	26.768920957	0.0	48000.0	30-C45-20-08	g	2020
112	Waveform 1	1	27.189196863	27.189196863	0.0	48000.0	30-C45-20-08	h	2020
113	Waveform 1	1	27.196567554	27.196567554	0.0	48000.0	30-C45-20-08	h	2020
114	Waveform 1	1	27.205975362	27.205975362	0.0	48000.0	30-C45-20-08	h	2020
115	Waveform 1	1	27.216042450	27.216042450	0.0	48000.0	30-C45-20-08	h	2020
116	Waveform 1	1	27.224850313	27.224850313	0.0	48000.0	30-C45-20-08	h	2020
117	Waveform 1	1	27.235668980	27.235668980	0.0	48000.0	30-C45-20-08	h	2020
118	Waveform 1	1	27.244226375	27.244226375	0.0	48000.0	30-C45-20-08	h	2020
119	Waveform 1	1	27.254735180	27.254735180	0.0	48000.0	30-C45-20-08	h	2020
120	Waveform 1	1	27.263219996	27.263219996	0.0	48000.0	30-C45-20-08	h	2020
121	Waveform 1	1	27.273807915	27.273807915	0.0	48000.0	30-C45-20-08	h	2020
122	Waveform 1	1	27.282299324	27.282299324	0.0	48000.0	30-C45-20-08	h	2020
123	Waveform 1	1	27.293296055	27.293296055	0.0	48000.0	30-C45-20-08	h	2020
124	Waveform 1	1	27.303073059	27.303073059	0.0	48000.0	30-C45-20-08	h	2020
125	Waveform 1	1	27.315592610	27.315592610	0.0	48000.0	30-C45-20-08	h	2020
126	Waveform 1	1	27.329269154	27.329269154	0.0	48000.0	30-C45-20-08	h	2020
127	Waveform 1	1	27.342112766	27.342112766	0.0	48000.0	30-C45-20-08	h	2020
128	Waveform 1	1	28.069339121	28.069339121	0.0	48000.0	30-C45-20-08	i	2020
129	Waveform 1	1	28.076521911	28.076521911	0.0	48000.0	30-C45-20-08	i	2020
130	Waveform 1	1	28.085603272	28.085603272	0.0	48000.0	30-C45-20-08	i	2020
131	Waveform 1	1	28.095861551	28.095861551	0.0	48000.0	30-C45-20-08	i	2020
132	Waveform 1	1	28.104478282	28.104478282	0.0	48000.0	30-C45-20-08	i	2020
133	Waveform 1	1	28.115415619	28.115415619	0.0	48000.0	30-C45-20-08	i	2020
134	Waveform 1	1	28.123748800	28.123748800	0.0	48000.0	30-C45-20-08	i	2020
135	Waveform 1	1	28.134527910	28.134527910	0.0	48000.0	30-C45-20-08	i	2020
136	Waveform 1	1	28.142946857	28.142946857	0.0	48000.0	30-C45-20-08	i	2020
137	Waveform 1	1	28.154101756	28.154101756	0.0	48000.0	30-C45-20-08	i	2020
138	Waveform 1	1	28.163278816	28.163278816	0.0	48000.0	30-C45-20-08	i	2020
139	Waveform 1	1	28.175936816	28.175936816	0.0	48000.0	30-C45-20-08	i	2020
140	Waveform 1	1	28.190185739	28.190185739	0.0	48000.0	30-C45-20-08	i	2020
141	Waveform 1	1	28.203213497	28.203213497	0.0	48000.0	30-C45-20-08	i	2020
142	Waveform 1	1	28.675909506	28.675909506	0.0	48000.0	30-C45-20-08	j	2020
143	Waveform 1	1	28.683220804	28.683220804	0.0	48000.0	30-C45-20-08	j	2020
144	Waveform 1	1	28.692542964	28.692542964	0.0	48000.0	30-C45-20-08	j	2020
145	Waveform 1	1	28.702999026	28.702999026	0.0	48000.0	30-C45-20-08	j	2020
146	Waveform 1	1	28.711912374	28.711912374	0.0	48000.0	30-C45-20-08	j	2020
147	Waveform 1	1	28.722915640	28.722915640	0.0	48000.0	30-C45-20-08	j	2020
148	Waveform 1	1	28.731354306	28.731354306	0.0	48000.0	30-C45-20-08	j	2020
149	Waveform 1	1	28.742100452	28.742100452	0.0	48000.0	30-C45-20-08	j	2020
150	Waveform 1	1	28.750605105	28.750605105	0.0	48000.0	30-C45-20-08	j	2020
151	Waveform 1	1	28.761509478	28.761509478	0.0	48000.0	30-C45-20-08	j	2020
152	Waveform 1	1	28.770455790	28.770455790	0.0	48000.0	30-C45-20-08	j	2020
153	Waveform 1	1	28.781900773	28.781900773	0.0	48000.0	30-C45-20-08	j	2020
154	Waveform 1	1	28.792600769	28.792600769	0.0	48000.0	30-C45-20-08	j	2020
155	Waveform 1	1	28.808801056	28.808801056	0.0	48000.0	30-C45-20-08	j	2020
156	Waveform 1	1	28.819300083	28.819300083	0.0	48000.0	30-C45-20-08	j	2020
