Selection	View	Channel	Begin Time (s)	End Time (s)	Low Freq (Hz)	High Freq (Hz)	file	syllable	year
1	Waveform 1	1	20.560008183	20.560008183	0.0	48000.0	04-C45-18-03	a	2018
2	Waveform 1	1	20.566631949	20.566631949	0.0	48000.0	04-C45-18-03	a	2018
3	Waveform 1	1	20.575159888	20.575159888	0.0	48000.0	04-C45-18-03	a	2018
4	Waveform 1	1	20.585402439	20.585402439	0.0	48000.0	04-C45-18-03	a	2018
5	Waveform 1	1	20.592856490	20.592856490	0.0	48000.0	04-C45-18-03	a	2018
6	Waveform 1	1	20.603288554	20.603288554	0.0	48000.0	04-C45-18-03	a	2018
7	Waveform 1	1	20.610435780	20.610435780	0.0	48000.0	04-C45-18-03	a	2018
8	Waveform 1	1	20.619965414	20.619965414	0.0	48000.0	04-C45-18-03	a	2018
9	Waveform 1	1	20.628655790	20.628655790	0.0	48000.0	04-C45-18-03	a	2018
10	Waveform 1	1	20.636597152	20.636597152	0.0	48000.0	04-C45-18-03	a	2018
11	Waveform 1	1	20.647272641	20.647272641	0.0	48000.0	04-C45-18-03	a	2018
12	Waveform 1	1	20.654419867	20.654419867	0.0	48000.0	04-C45-18-03	a	2018
13	Waveform 1	1	20.664472909	20.664472909	0.0	48000.0	04-C45-18-03	a	2018
14	Waveform 1	1	20.672278910	20.672278910	0.0	48000.0	04-C45-18-03	a	2018
15	Waveform 1	1	20.682503412	20.682503412	0.0	48000.0	04-C45-18-03	a	2018
16	Waveform 1	1	20.690044493	20.690044493	0.0	48000.0	04-C45-18-03	a	2018
17	Waveform 1	1	20.700757050	20.700757050	0.0	48000.0	04-C45-18-03	a	2018
18	Waveform 1	1	20.707859303	20.707859303	0.0	48000.0	04-C45-18-03	a	2018
19	Waveform 1	1	20.718134868	20.718134868	0.0	48000.0	04-C45-18-03	a	2018
20	Waveform 1	1	20.726592894	20.726592894	0.0	48000.0	04-C45-18-03	a	2018
21	Waveform 1	1	21.057861764	21.057861764	0.0	48000.0	04-C45-18-03	b	2018
22	Waveform 1	1	21.064529169	21.064529169	0.0	48000.0	04-C45-18-03	b	2018
23	Waveform 1	1	21.073185377	21.073185377	0.0	48000.0	04-C45-18-03	b	2018
24	Waveform 1	1	21.083517924	21.083517924	0.0	48000.0	04-C45-18-03	b	2018
25	Waveform 1	1	21.091094503	21.091094503	0.0	48000.0	04-C45-18-03	b	2018
26	Waveform 1	1	21.101142946	21.101142946	0.0	48000.0	04-C45-18-03	b	2018
27	Waveform 1	1	21.109051000	21.109051000	0.0	48000.0	04-C45-18-03	b	2018
28	Waveform 1	1	21.119079968	21.119079968	0.0	48000.0	04-C45-18-03	b	2018
29	Waveform 1	1	21.126997493	21.126997493	0.0	48000.0	04-C45-18-03	b	2018
30	Waveform 1	1	21.135511676	21.135511676	0.0	48000.0	04-C45-18-03	b	2018
31	Waveform 1	1	21.145455940	21.145455940	0.0	48000.0	04-C45-18-03	b	2018
32	Waveform 1	1	21.152634748	21.152634748	0.0	48000.0	04-C45-18-03	b	2018
33	Waveform 1	1	21.163260709	21.163260709	0.0	48000.0	04-C45-18-03	b	2018
34	Waveform 1	1	21.171324544	21.171324544	0.0	48000.0	04-C45-18-03	b	2018
35	Waveform 1	1	21.179948911	21.179948911	0.0	48000.0	04-C45-18-03	b	2018
36	Waveform 1	1	21.187505605	21.187505605	0.0	48000.0	04-C45-18-03	b	2018
37	Waveform 1	1	21.196948566	21.196948566	0.0	48000.0	04-C45-18-03	b	2018
38	Waveform 1	1	21.206320349	21.206320349	0.0	48000.0	04-C45-18-03	b	2018
39	Waveform 1	1	21.215478599	21.215478599	0.0	48000.0	04-C45-18-03	b	2018
40	Waveform 1	1	21.224126742	21.224126742	0.0	48000.0	04-C45-18-03	b	2018
41	Waveform 1	1	21.232822337	21.232822337	0.0	48000.0	04-C45-18-03	b	2018
42	Waveform 1	1	21.242977075	21.242977075	0.0	48000.0	04-C45-18-03	b	2018
43	Waveform 1	1	21.720878414	21.720878414	0.0	48000.0	04-C45-18-03	c	2018
44	Waveform 1	1	21.727339807	21.727339807	0.0	48000.0	04-C45-18-03	c	2018
45	Waveform 1	1	21.735792007	21.735792007	0.0	48000.0	04-C45-18-03	c	2018
46	Waveform 1	1	21.746165590	21.746165590	0.0	48000.0	04-C45-18-03	c	2018
47	Waveform 1	1	21.753610700	21.753610700	0.0	48000.0	04-C45-18-03	c	2018
48	Waveform 1	1	21.764263183	21.764263183	0.0	48000.0	04-C45-18-03	c	2018
49	Waveform 1	1	21.771003295	21.771003295	0.0	48000.0	04-C45-18-03	c	2018
50	Waveform 1	1	21.780462703	21.780462703	0.0	48000.0	04-C45-18-03	c	2018
51	Waveform 1	1	21.788713526	21.788713526	0.0	48000.0	04-C45-18-03	c	2018
52	Waveform 1	1	21.796724184	21.796724184	0.0	48000.0	04-C45-18-03	c	2018
53	Waveform 1	1	21.807376667	21.807376667	0.0	48000.0	04-C45-18-03	c	2018
54	Waveform 1	1	21.814364691	21.814364691	0.0	48000.0	04-C45-18-03	c	2018
55	Waveform 1	1	21.824900965	21.824900965	0.0	48000.0	04-C45-18-03	c	2018
56	Waveform 1	1	21.831950966	21.831950966	0.0	48000.0	04-C45-18-03	c	2018
57	Waveform 1	1	21.842084384	21.842084384	0.0	48000.0	04-C45-18-03	c	2018
58	Waveform 1	1	21.850668338	21.850668338	0.0	48000.0	04-C45-18-03	c	2018
59	Waveform 1	1	21.861003184	21.861003184	0.0	48000.0	04-C45-18-03	c	2018
60	Waveform 1	1	21.868495516	21.868495516	0.0	48000.0	04-C45-18-03	c	2018
61	Waveform 1	1	21.873691602	21.873691602	0.0	48000.0	04-C45-18-03	c	2018
62	Waveform 1	1	22.213157413	22.213157413	0.0	48000.0	04-C45-18-03	d	2018
63	Waveform 1	1	22.219659182	22.219659182	0.0	48000.0	04-C45-18-03	d	2018
64	Waveform 1	1	22.228038688	22.228038688	0.0	48000.0	04-C45-18-03	d	2018
65	Waveform 1	1	22.238808171	22.238808171	0.0	48000.0	04-C45-18-03	d	2018
66	Waveform 1	1	22.246326501	22.246326501	0.0	48000.0	04-C45-18-03	d	2018
67	Waveform 1	1	22.257395974	22.257395974	0.0	48000.0	04-C45-18-03	d	2018
68	Waveform 1	1	22.264266003	22.264266003	0.0	48000.0	04-C45-18-03	d	2018
69	Waveform 1	1	22.274154987	22.274154987	0.0	48000.0	04-C45-18-03	d	2018
70	Waveform 1	1	22.282031334	22.282031334	0.0	48000.0	04-C45-18-03	d	2018
71	Waveform 1	1	22.290701095	22.290701095	0.0	48000.0	04-C45-18-03	d	2018
72	Waveform 1	1	22.300657811	22.300657811	0.0	48000.0	04-C45-18-03	d	2018
73	Waveform 1	1	22.307827800	22.307827800	0.0	48000.0	04-C45-18-03	d	2018
74	Waveform 1	1	22.318655370	22.318665046	0.0	48000.0	04-C45-18-03	d	2018
75	Waveform 1	1	22.325622160	22.325622160	0.0	48000.0	04-C45-18-03	d	2018
76	Waveform 1	1	22.335772370	22.335772370	0.0	48000.0	04-C45-18-03	d	2018
77	Waveform 1	1	22.342874655	22.342874655	0.0	48000.0	04-C45-18-03	d	2018
78	Waveform 1	1	22.353053894	22.353053894	0.0	48000.0	04-C45-18-03	d	2018
79	Waveform 1	1	22.360997974	22.360997974	0.0	48000.0	04-C45-18-03	d	2018
80	Waveform 1	1	22.371244975	22.371244975	0.0	48000.0	04-C45-18-03	d	2018
81	Waveform 1	1	22.380824322	22.380824322	0.0	48000.0	04-C45-18-03	d	2018
82	Waveform 1	1	22.392958141	22.392958141	0.0	48000.0	04-C45-18-03	d	2018
83	Waveform 1	1	22.874940214	22.874940214	0.0	48000.0	04-C45-18-03	e	2018
84	Waveform 1	1	22.881526147	22.881526147	0.0	48000.0	04-C45-18-03	e	2018
85	Waveform 1	1	22.890121945	22.890121945	0.0	48000.0	04-C45-18-03	e	2018
86	Waveform 1	1	22.900640388	22.900640388	0.0	48000.0	04-C45-18-03	e	2018
87	Waveform 1	1	22.908282938	22.908282938	0.0	48000.0	04-C45-18-03	e	2018
88	Waveform 1	1	22.919254213	22.919254213	0.0	48000.0	04-C45-18-03	e	2018
89	Waveform 1	1	22.925935487	22.925935487	0.0	48000.0	04-C45-18-03	e	2018
90	Waveform 1	1	22.935985199	22.935985199	0.0	48000.0	04-C45-18-03	e	2018
91	Waveform 1	1	22.943182861	22.943182861	0.0	48000.0	04-C45-18-03	e	2018
92	Waveform 1	1	22.952088584	22.952088584	0.0	48000.0	04-C45-18-03	e	2018
93	Waveform 1	1	22.961550409	22.961550409	0.0	48000.0	04-C45-18-03	e	2018
94	Waveform 1	1	22.969105578	22.969105578	0.0	48000.0	04-C45-18-03	e	2018
95	Waveform 1	1	22.980021234	22.980021234	0.0	48000.0	04-C45-18-03	e	2018
96	Waveform 1	1	22.987139452	22.987139452	0.0	48000.0	04-C45-18-03	e	2018
97	Waveform 1	1	22.997689672	22.997689672	0.0	48000.0	04-C45-18-03	e	2018
98	Waveform 1	1	23.005959832	23.005959832	0.0	48000.0	04-C45-18-03	e	2018
99	Waveform 1	1	23.016859607	23.016859607	0.0	48000.0	04-C45-18-03	e	2018
100	Waveform 1	1	23.356730617	23.356730617	0.0	48000.0	04-C45-18-03	f	2018
101	Waveform 1	1	23.363237114	23.363237114	0.0	48000.0	04-C45-18-03	f	2018
102	Waveform 1	1	23.371840940	23.371840940	0.0	48000.0	04-C45-18-03	f	2018
103	Waveform 1	1	23.382454715	23.382454715	0.0	48000.0	04-C45-18-03	f	2018
104	Waveform 1	1	23.390081376	23.390081376	0.0	48000.0	04-C45-18-03	f	2018
105	Waveform 1	1	23.401068540	23.401068540	0.0	48000.0	04-C45-18-03	f	2018
106	Waveform 1	1	23.407956369	23.407956369	0.0	48000.0	04-C45-18-03	f	2018
107	Waveform 1	1	23.417839257	23.417839257	0.0	48000.0	04-C45-18-03	f	2018
108	Waveform 1	1	23.426435139	23.426435139	0.0	48000.0	04-C45-18-03	f	2018
109	Waveform 1	1	23.434864188	23.434864188	0.0	48000.0	04-C45-18-03	f	2018
110	Waveform 1	1	23.444929797	23.444929797	0.0	48000.0	04-C45-18-03	f	2018
111	Waveform 1	1	23.451984460	23.451984460	0.0	48000.0	04-C45-18-03	f	2018
112	Waveform 1	1	23.462566457	23.462566457	0.0	48000.0	04-C45-18-03	f	2018
113	Waveform 1	1	23.469549620	23.469549620	0.0	48000.0	04-C45-18-03	f	2018
114	Waveform 1	1	23.479496055	23.479496055	0.0	48000.0	04-C45-18-03	f	2018
115	Waveform 1	1	23.487059169	23.487059169	0.0	48000.0	04-C45-18-03	f	2018
116	Waveform 1	1	23.496759326	23.496759326	0.0	48000.0	04-C45-18-03	f	2018
117	Waveform 1	1	23.506642214	23.506642214	0.0	48000.0	04-C45-18-03	f	2018
118	Waveform 1	1	23.516890537	23.516890537	0.0	48000.0	04-C45-18-03	f	2018
119	Waveform 1	1	23.993556760	23.993556760	0.0	48000.0	04-C45-18-03	g	2018
120	Waveform 1	1	24.000190367	24.000190367	0.0	48000.0	04-C45-18-03	g	2018
121	Waveform 1	1	24.008801273	24.008801273	0.0	48000.0	04-C45-18-03	g	2018
122	Waveform 1	1	24.019144930	24.019144930	0.0	48000.0	04-C45-18-03	g	2018
123	Waveform 1	1	24.026835040	24.026835040	0.0	48000.0	04-C45-18-03	g	2018
124	Waveform 1	1	24.037893695	24.037893695	0.0	48000.0	04-C45-18-03	g	2018
125	Waveform 1	1	24.044845080	24.044845080	0.0	48000.0	04-C45-18-03	g	2018
126	Waveform 1	1	24.054410190	24.054410190	0.0	48000.0	04-C45-18-03	g	2018
127	Waveform 1	1	24.061989185	24.061989185	0.0	48000.0	04-C45-18-03	g	2018
128	Waveform 1	1	24.070934630	24.070934630	0.0	48000.0	04-C45-18-03	g	2018
129	Waveform 1	1	24.080746010	24.080746010	0.0	48000.0	04-C45-18-03	g	2018
130	Waveform 1	1	24.087999283	24.087999283	0.0	48000.0	04-C45-18-03	g	2018
131	Waveform 1	1	24.098732225	24.098732225	0.0	48000.0	04-C45-18-03	g	2018
132	Waveform 1	1	24.105357888	24.105357888	0.0	48000.0	04-C45-18-03	g	2018
133	Waveform 1	1	24.115463220	24.115463220	0.0	48000.0	04-C45-18-03	g	2018
134	Waveform 1	1	24.123828713	24.123828713	0.0	48000.0	04-C45-18-03	g	2018
135	Waveform 1	1	24.134084989	24.134084989	0.0	48000.0	04-C45-18-03	g	2018
136	Waveform 1	1	24.143395869	24.143395869	0.0	48000.0	04-C45-18-03	g	2018
137	Waveform 1	1	24.155924252	24.155924252	0.0	48000.0	04-C45-18-03	g	2018
138	Waveform 1	1	24.489876654	24.489876654	0.0	48000.0	04-C45-18-03	h	2018
139	Waveform 1	1	24.496430817	24.496430817	0.0	48000.0	04-C45-18-03	h	2018
140	Waveform 1	1	24.505384198	24.505384198	0.0	48000.0	04-C45-18-03	h	2018
141	Waveform 1	1	24.516037696	24.516037696	0.0	48000.0	04-C45-18-03	h	2018
142	Waveform 1	1	24.523990079	24.523990079	0.0	48000.0	04-C45-18-03	h	2018
143	Waveform 1	1	24.535469797	24.535469797	0.0	48000.0	04-C45-18-03	h	2018
144	Waveform 1	1	24.542294351	24.542294351	0.0	48000.0	04-C45-18-03	h	2018
145	Waveform 1	1	24.552614182	24.552614182	0.0	48000.0	04-C45-18-03	h	2018
146	Waveform 1	1	24.559684734	24.559684734	0.0	48000.0	04-C45-18-03	h	2018
147	Waveform 1	1	24.568828781	24.568828781	0.0	48000.0	04-C45-18-03	h	2018
148	Waveform 1	1	24.577797945	24.577797945	0.0	48000.0	04-C45-18-03	h	2018
149	Waveform 1	1	24.585583494	24.585583494	0.0	48000.0	04-C45-18-03	h	2018
150	Waveform 1	1	24.596268770	24.596268770	0.0	48000.0	04-C45-18-03	h	2018
151	Waveform 1	1	24.603323317	24.603323317	0.0	48000.0	04-C45-18-03	h	2018
152	Waveform 1	1	24.613698760	24.613698760	0.0	48000.0	04-C45-18-03	h	2018
153	Waveform 1	1	24.620673978	24.620673978	0.0	48000.0	04-C45-18-03	h	2018
154	Waveform 1	1	24.630517135	24.630517135	0.0	48000.0	04-C45-18-03	h	2018
155	Waveform 1	1	24.638334471	24.638334471	0.0	48000.0	04-C45-18-03	h	2018
156	Waveform 1	1	24.648201462	24.648201462	0.0	48000.0	04-C45-18-03	h	2018
157	Waveform 1	1	24.657059518	24.657059518	0.0	48000.0	04-C45-18-03	h	2018
158	Waveform 1	1	24.666592843	24.666592843	0.0	48000.0	04-C45-18-03	h	2018
159	Waveform 1	1	24.678104339	24.678104339	0.0	48000.0	04-C45-18-03	h	2018
160	Waveform 1	1	25.145928279	25.145928279	0.0	48000.0	04-C45-18-03	i	2018
161	Waveform 1	1	25.152585719	25.152585719	0.0	48000.0	04-C45-18-03	i	2018
162	Waveform 1	1	25.161316665	25.161316665	0.0	48000.0	04-C45-18-03	i	2018
163	Waveform 1	1	25.171390211	25.171390211	0.0	48000.0	04-C45-18-03	i	2018
164	Waveform 1	1	25.179016872	25.179016872	0.0	48000.0	04-C45-18-03	i	2018
165	Waveform 1	1	25.190027869	25.190027869	0.0	48000.0	04-C45-18-03	i	2018
166	Waveform 1	1	25.196828309	25.196828309	0.0	48000.0	04-C45-18-03	i	2018
167	Waveform 1	1	25.206766808	25.206766808	0.0	48000.0	04-C45-18-03	i	2018
168	Waveform 1	1	25.214186914	25.214186914	0.0	48000.0	04-C45-18-03	i	2018
169	Waveform 1	1	25.222822518	25.222822518	0.0	48000.0	04-C45-18-03	i	2018
170	Waveform 1	1	25.232681573	25.232681573	0.0	48000.0	04-C45-18-03	i	2018
171	Waveform 1	1	25.239966623	25.239966623	0.0	48000.0	04-C45-18-03	i	2018
172	Waveform 1	1	25.250969676	25.250969676	0.0	48000.0	04-C45-18-03	i	2018
173	Waveform 1	1	25.257984616	25.257984616	0.0	48000.0	04-C45-18-03	i	2018
174	Waveform 1	1	25.268368003	25.268368003	0.0	48000.0	04-C45-18-03	i	2018
175	Waveform 1	1	25.276105886	25.276113831	0.0	48000.0	04-C45-18-03	i	2018
176	Waveform 1	1	25.286417773	25.286417773	0.0	48000.0	04-C45-18-03	i	2018
177	Waveform 1	1	25.296467486	25.296467486	0.0	48000.0	04-C45-18-03	i	2018
178	Waveform 1	1	25.641971105	25.641971105	0.0	48000.0	04-C45-18-03	j	2018
179	Waveform 1	1	25.648620602	25.648620602	0.0	48000.0	04-C45-18-03	j	2018
180	Waveform 1	1	25.657518372	25.657518372	0.0	48000.0	04-C45-18-03	j	2018
181	Waveform 1	1	25.668012981	25.668012981	0.0	48000.0	04-C45-18-03	j	2018
182	Waveform 1	1	25.675576087	25.675576087	0.0	48000.0	04-C45-18-03	j	2018
183	Waveform 1	1	25.687039916	25.687039916	0.0	48000.0	04-C45-18-03	j	2018
184	Waveform 1	1	25.693991301	25.693991301	0.0	48000.0	04-C45-18-03	j	2018
185	Waveform 1	1	25.704064855	25.704064855	0.0	48000.0	04-C45-18-03	j	2018
186	Waveform 1	1	25.711715350	25.711715350	0.0	48000.0	04-C45-18-03	j	2018
187	Waveform 1	1	25.720295228	25.720295228	0.0	48000.0	04-C45-18-03	j	2018
188	Waveform 1	1	25.730352893	25.730352893	0.0	48000.0	04-C45-18-03	j	2018
189	Waveform 1	1	25.737526722	25.737526722	0.0	48000.0	04-C45-18-03	j	2018
190	Waveform 1	1	25.748323219	25.748323219	0.0	48000.0	04-C45-18-03	j	2018
191	Waveform 1	1	25.755203104	25.755203104	0.0	48000.0	04-C45-18-03	j	2018
192	Waveform 1	1	25.765348158	25.765348158	0.0	48000.0	04-C45-18-03	j	2018
193	Waveform 1	1	25.772672931	25.772672931	0.0	48000.0	04-C45-18-03	j	2018
194	Waveform 1	1	25.782547866	25.782547866	0.0	48000.0	04-C45-18-03	j	2018
195	Waveform 1	1	25.790905423	25.790905423	0.0	48000.0	04-C45-18-03	j	2018
196	Waveform 1	1	25.800637358	25.800637358	0.0	48000.0	04-C45-18-03	j	2018
197	Waveform 1	1	25.810194525	25.810194525	0.0	48000.0	04-C45-18-03	j	2018
198	Waveform 1	1	25.820077404	25.820077404	0.0	48000.0	04-C45-18-03	j	2018
