Selection	View	Channel	Begin Time (s)	End Time (s)	Low Freq (Hz)	High Freq (Hz)	file	syllable	year
1	Waveform 1	1	19.990371965	19.990371965	0.0	48000.0	05-C03-18-03	a	2018
2	Waveform 1	1	19.996476455	19.996476455	0.0	48000.0	05-C03-18-03	a	2018
3	Waveform 1	1	20.005380974	20.005380974	0.0	48000.0	05-C03-18-03	a	2018
4	Waveform 1	1	20.016519441	20.016519441	0.0	48000.0	05-C03-18-03	a	2018
5	Waveform 1	1	20.023437222	20.023437222	0.0	48000.0	05-C03-18-03	a	2018
6	Waveform 1	1	20.033669751	20.033669751	0.0	48000.0	05-C03-18-03	a	2018
7	Waveform 1	1	20.043665511	20.043665511	0.0	48000.0	05-C03-18-03	a	2018
8	Waveform 1	1	20.051391390	20.051401685	0.0	48000.0	05-C03-18-03	a	2018
9	Waveform 1	1	20.062730551	20.062730551	0.0	48000.0	05-C03-18-03	a	2018
10	Waveform 1	1	20.069493918	20.069493918	0.0	48000.0	05-C03-18-03	a	2018
11	Waveform 1	1	20.079777963	20.079777963	0.0	48000.0	05-C03-18-03	a	2018
12	Waveform 1	1	20.089722252	20.089722252	0.0	48000.0	05-C03-18-03	a	2018
13	Waveform 1	1	20.097309159	20.097309159	0.0	48000.0	05-C03-18-03	a	2018
14	Waveform 1	1	20.108334345	20.108334345	0.0	48000.0	05-C03-18-03	a	2018
15	Waveform 1	1	20.120141939	20.120141939	0.0	48000.0	05-C03-18-03	a	2018
16	Waveform 1	1	20.470652534	20.470652534	0.0	48000.0	05-C03-18-03	b	2018
17	Waveform 1	1	20.476685009	20.476685009	0.0	48000.0	05-C03-18-03	b	2018
18	Waveform 1	1	20.485743993	20.485743993	0.0	48000.0	05-C03-18-03	b	2018
19	Waveform 1	1	20.497098595	20.497098595	0.0	48000.0	05-C03-18-03	b	2018
20	Waveform 1	1	20.503831079	20.503831079	0.0	48000.0	05-C03-18-03	b	2018
21	Waveform 1	1	20.513785663	20.513785663	0.0	48000.0	05-C03-18-03	b	2018
22	Waveform 1	1	20.524337358	20.524337358	0.0	48000.0	05-C03-18-03	b	2018
23	Waveform 1	1	20.531636026	20.531636026	0.0	48000.0	05-C03-18-03	b	2018
24	Waveform 1	1	20.542764154	20.542764154	0.0	48000.0	05-C03-18-03	b	2018
25	Waveform 1	1	20.549815760	20.549815760	0.0	48000.0	05-C03-18-03	b	2018
26	Waveform 1	1	20.559801227	20.559801227	0.0	48000.0	05-C03-18-03	b	2018
27	Waveform 1	1	20.570507291	20.570507291	0.0	48000.0	05-C03-18-03	b	2018
28	Waveform 1	1	20.577682427	20.577682427	0.0	48000.0	05-C03-18-03	b	2018
29	Waveform 1	1	20.588512068	20.588512068	0.0	48000.0	05-C03-18-03	b	2018
30	Waveform 1	1	20.598044587	20.598044587	0.0	48000.0	05-C03-18-03	b	2018
31	Waveform 1	1	20.609038891	20.609038891	0.0	48000.0	05-C03-18-03	b	2018
32	Waveform 1	1	21.007500645	21.007500645	0.0	48000.0	05-C03-18-03	c	2018
33	Waveform 1	1	21.013502655	21.013502655	0.0	48000.0	05-C03-18-03	c	2018
34	Waveform 1	1	21.022543359	21.022543359	0.0	48000.0	05-C03-18-03	c	2018
35	Waveform 1	1	21.033600403	21.033600403	0.0	48000.0	05-C03-18-03	c	2018
36	Waveform 1	1	21.040399134	21.040399134	0.0	48000.0	05-C03-18-03	c	2018
37	Waveform 1	1	21.050466216	21.050466216	0.0	48000.0	05-C03-18-03	c	2018
38	Waveform 1	1	21.060576973	21.060576973	0.0	48000.0	05-C03-18-03	c	2018
39	Waveform 1	1	21.068176408	21.068176408	0.0	48000.0	05-C03-18-03	c	2018
40	Waveform 1	1	21.079721154	21.079721154	0.0	48000.0	05-C03-18-03	c	2018
41	Waveform 1	1	21.086534443	21.086534443	0.0	48000.0	05-C03-18-03	c	2018
42	Waveform 1	1	21.096579688	21.096579688	0.0	48000.0	05-C03-18-03	c	2018
43	Waveform 1	1	21.106617654	21.106617654	0.0	48000.0	05-C03-18-03	c	2018
44	Waveform 1	1	21.114384509	21.114384509	0.0	48000.0	05-C03-18-03	c	2018
45	Waveform 1	1	21.125652648	21.125652648	0.0	48000.0	05-C03-18-03	c	2018
46	Waveform 1	1	21.496671164	21.496671164	0.0	48000.0	05-C03-18-03	d	2018
47	Waveform 1	1	21.502734703	21.502734703	0.0	48000.0	05-C03-18-03	d	2018
48	Waveform 1	1	21.511498820	21.511498820	0.0	48000.0	05-C03-18-03	d	2018
49	Waveform 1	1	21.522737842	21.522737842	0.0	48000.0	05-C03-18-03	d	2018
50	Waveform 1	1	21.529653039	21.529653039	0.0	48000.0	05-C03-18-03	d	2018
51	Waveform 1	1	21.539923937	21.539923937	0.0	48000.0	05-C03-18-03	d	2018
52	Waveform 1	1	21.549736250	21.549736250	0.0	48000.0	05-C03-18-03	d	2018
53	Waveform 1	1	21.557335685	21.557335685	0.0	48000.0	05-C03-18-03	d	2018
54	Waveform 1	1	21.568778523	21.568778523	0.0	48000.0	05-C03-18-03	d	2018
55	Waveform 1	1	21.575700999	21.575700999	0.0	48000.0	05-C03-18-03	d	2018
56	Waveform 1	1	21.585753523	21.585753523	0.0	48000.0	05-C03-18-03	d	2018
57	Waveform 1	1	21.596191841	21.596191841	0.0	48000.0	05-C03-18-03	d	2018
58	Waveform 1	1	21.603543786	21.603543786	0.0	48000.0	05-C03-18-03	d	2018
59	Waveform 1	1	21.614462527	21.614462527	0.0	48000.0	05-C03-18-03	d	2018
60	Waveform 1	1	21.625184731	21.625184731	0.0	48000.0	05-C03-18-03	d	2018
61	Waveform 1	1	22.016592065	22.016592065	0.0	48000.0	05-C03-18-03	e	2018
62	Waveform 1	1	22.022619208	22.022619208	0.0	48000.0	05-C03-18-03	e	2018
63	Waveform 1	1	22.031798215	22.031798215	0.0	48000.0	05-C03-18-03	e	2018
64	Waveform 1	1	22.042797026	22.042797026	0.0	48000.0	05-C03-18-03	e	2018
65	Waveform 1	1	22.049544803	22.049544803	0.0	48000.0	05-C03-18-03	e	2018
66	Waveform 1	1	22.060019517	22.060019517	0.0	48000.0	05-C03-18-03	e	2018
67	Waveform 1	1	22.069067520	22.069067520	0.0	48000.0	05-C03-18-03	e	2018
68	Waveform 1	1	22.076979958	22.076979958	0.0	48000.0	05-C03-18-03	e	2018
69	Waveform 1	1	22.088648450	22.088648450	0.0	48000.0	05-C03-18-03	e	2018
70	Waveform 1	1	22.095345273	22.095345273	0.0	48000.0	05-C03-18-03	e	2018
71	Waveform 1	1	22.105630729	22.105630729	0.0	48000.0	05-C03-18-03	e	2018
72	Waveform 1	1	22.114795198	22.114795198	0.0	48000.0	05-C03-18-03	e	2018
73	Waveform 1	1	22.122896894	22.122896894	0.0	48000.0	05-C03-18-03	e	2018
74	Waveform 1	1	22.134165033	22.134165033	0.0	48000.0	05-C03-18-03	e	2018
75	Waveform 1	1	22.145520522	22.145520522	0.0	48000.0	05-C03-18-03	e	2018
76	Waveform 1	1	22.490319634	22.490319634	0.0	48000.0	05-C03-18-03	f	2018
77	Waveform 1	1	22.496448684	22.496448684	0.0	48000.0	05-C03-18-03	f	2018
78	Waveform 1	1	22.505540342	22.505540342	0.0	48000.0	05-C03-18-03	f	2018
79	Waveform 1	1	22.516932227	22.516932227	0.0	48000.0	05-C03-18-03	f	2018
80	Waveform 1	1	22.523854587	22.523854587	0.0	48000.0	05-C03-18-03	f	2018
81	Waveform 1	1	22.533805203	22.533805203	0.0	48000.0	05-C03-18-03	f	2018
82	Waveform 1	1	22.544301754	22.544301754	0.0	48000.0	05-C03-18-03	f	2018
83	Waveform 1	1	22.551697374	22.551697374	0.0	48000.0	05-C03-18-03	f	2018
84	Waveform 1	1	22.563118374	22.563118374	0.0	48000.0	05-C03-18-03	f	2018
85	Waveform 1	1	22.570164596	22.570164596	0.0	48000.0	05-C03-18-03	f	2018
86	Waveform 1	1	22.580311748	22.580311748	0.0	48000.0	05-C03-18-03	f	2018
87	Waveform 1	1	22.590458901	22.590458901	0.0	48000.0	05-C03-18-03	f	2018
88	Waveform 1	1	22.598094732	22.598094732	0.0	48000.0	05-C03-18-03	f	2018
89	Waveform 1	1	22.609159055	22.609159055	0.0	48000.0	05-C03-18-03	f	2018
90	Waveform 1	1	22.618563736	22.618563736	0.0	48000.0	05-C03-18-03	f	2018
91	Waveform 1	1	22.629518873	22.629518873	0.0	48000.0	05-C03-18-03	f	2018
92	Waveform 1	1	23.027404887	23.027404887	0.0	48000.0	05-C03-18-03	g	2018
93	Waveform 1	1	23.033148144	23.033148144	0.0	48000.0	05-C03-18-03	g	2018
94	Waveform 1	1	23.042341710	23.042341710	0.0	48000.0	05-C03-18-03	g	2018
95	Waveform 1	1	23.053537057	23.053537057	0.0	48000.0	05-C03-18-03	g	2018
96	Waveform 1	1	23.060350346	23.060350346	0.0	48000.0	05-C03-18-03	g	2018
97	Waveform 1	1	23.070315521	23.070315521	0.0	48000.0	05-C03-18-03	g	2018
98	Waveform 1	1	23.081023166	23.081023166	0.0	48000.0	05-C03-18-03	g	2018
99	Waveform 1	1	23.088433344	23.088433344	0.0	48000.0	05-C03-18-03	g	2018
100	Waveform 1	1	23.099686925	23.099686925	0.0	48000.0	05-C03-18-03	g	2018
101	Waveform 1	1	23.106704050	23.106704050	0.0	48000.0	05-C03-18-03	g	2018
102	Waveform 1	1	23.116829345	23.116829345	0.0	48000.0	05-C03-18-03	g	2018
103	Waveform 1	1	23.126743566	23.126743566	0.0	48000.0	05-C03-18-03	g	2018
104	Waveform 1	1	23.134277738	23.134277738	0.0	48000.0	05-C03-18-03	g	2018
105	Waveform 1	1	23.145371178	23.145371178	0.0	48000.0	05-C03-18-03	g	2018
106	Waveform 1	1	23.156493734	23.156493734	0.0	48000.0	05-C03-18-03	g	2018
107	Waveform 1	1	23.503454749	23.503454749	0.0	48000.0	05-C03-18-03	h	2018
108	Waveform 1	1	23.509452775	23.509452775	0.0	48000.0	05-C03-18-03	h	2018
109	Waveform 1	1	23.518588128	23.518588128	0.0	48000.0	05-C03-18-03	h	2018
110	Waveform 1	1	23.529586939	23.529586939	0.0	48000.0	05-C03-18-03	h	2018
111	Waveform 1	1	23.536465740	23.536465740	0.0	48000.0	05-C03-18-03	h	2018
112	Waveform 1	1	23.546278053	23.546278053	0.0	48000.0	05-C03-18-03	h	2018
113	Waveform 1	1	23.557116723	23.557116723	0.0	48000.0	05-C03-18-03	h	2018
114	Waveform 1	1	23.564381318	23.564381318	0.0	48000.0	05-C03-18-03	h	2018
115	Waveform 1	1	23.575474758	23.575474758	0.0	48000.0	05-C03-18-03	h	2018
116	Waveform 1	1	23.582477305	23.582477305	0.0	48000.0	05-C03-18-03	h	2018
117	Waveform 1	1	23.592275059	23.592275059	0.0	48000.0	05-C03-18-03	h	2018
118	Waveform 1	1	23.602997263	23.602997263	0.0	48000.0	05-C03-18-03	h	2018
119	Waveform 1	1	23.610276417	23.610276417	0.0	48000.0	05-C03-18-03	h	2018
120	Waveform 1	1	23.621078691	23.621078691	0.0	48000.0	05-C03-18-03	h	2018
121	Waveform 1	1	23.630949237	23.630949237	0.0	48000.0	05-C03-18-03	h	2018
122	Waveform 1	1	23.641605929	23.641605929	0.0	48000.0	05-C03-18-03	h	2018
123	Waveform 1	1	24.036631223	24.036631223	0.0	48000.0	05-C03-18-03	i	2018
124	Waveform 1	1	24.042461829	24.042461829	0.0	48000.0	05-C03-18-03	i	2018
125	Waveform 1	1	24.051415184	24.051415184	0.0	48000.0	05-C03-18-03	i	2018
126	Waveform 1	1	24.062610532	24.062610532	0.0	48000.0	05-C03-18-03	i	2018
127	Waveform 1	1	24.069882576	24.069882576	0.0	48000.0	05-C03-18-03	i	2018
128	Waveform 1	1	24.079855009	24.079855009	0.0	48000.0	05-C03-18-03	i	2018
129	Waveform 1	1	24.090548096	24.090548096	0.0	48000.0	05-C03-18-03	i	2018
130	Waveform 1	1	24.097856387	24.097856387	0.0	48000.0	05-C03-18-03	i	2018
131	Waveform 1	1	24.109117226	24.109117226	0.0	48000.0	05-C03-18-03	i	2018
132	Waveform 1	1	24.116192585	24.116192585	0.0	48000.0	05-C03-18-03	i	2018
133	Waveform 1	1	24.126485320	24.126485320	0.0	48000.0	05-C03-18-03	i	2018
134	Waveform 1	1	24.136712543	24.136712543	0.0	48000.0	05-C03-18-03	i	2018
135	Waveform 1	1	24.144282862	24.144282862	0.0	48000.0	05-C03-18-03	i	2018
136	Waveform 1	1	24.155092415	24.155092415	0.0	48000.0	05-C03-18-03	i	2018
137	Waveform 1	1	24.165836437	24.165836437	0.0	48000.0	05-C03-18-03	i	2018
138	Waveform 1	1	25.649046786	25.649046786	0.0	48000.0	05-C03-18-03	j	2018
139	Waveform 1	1	25.655059680	25.655059680	0.0	48000.0	05-C03-18-03	j	2018
140	Waveform 1	1	25.664201366	25.664201366	0.0	48000.0	05-C03-18-03	j	2018
141	Waveform 1	1	25.675326999	25.675326999	0.0	48000.0	05-C03-18-03	j	2018
142	Waveform 1	1	25.682074032	25.682074032	0.0	48000.0	05-C03-18-03	j	2018
143	Waveform 1	1	25.692037241	25.692037241	0.0	48000.0	05-C03-18-03	j	2018
144	Waveform 1	1	25.702874467	25.702874467	0.0	48000.0	05-C03-18-03	j	2018
145	Waveform 1	1	25.710075959	25.710075959	0.0	48000.0	05-C03-18-03	j	2018
146	Waveform 1	1	25.721157838	25.721157838	0.0	48000.0	05-C03-18-03	j	2018
147	Waveform 1	1	25.728079720	25.728079720	0.0	48000.0	05-C03-18-03	j	2018
148	Waveform 1	1	25.737929313	25.737929313	0.0	48000.0	05-C03-18-03	j	2018
149	Waveform 1	1	25.748749060	25.748749060	0.0	48000.0	05-C03-18-03	j	2018
150	Waveform 1	1	25.756370054	25.756370054	0.0	48000.0	05-C03-18-03	j	2018
151	Waveform 1	1	25.767259661	25.767259661	0.0	48000.0	05-C03-18-03	j	2018
152	Waveform 1	1	25.775632261	25.775632261	0.0	48000.0	05-C03-18-03	j	2018
153	Waveform 1	1	25.786076205	25.786076205	0.0	48000.0	05-C03-18-03	j	2018
154	Waveform 1	1	25.798381685	25.798381685	0.0	48000.0	05-C03-18-03	j	2018
