Selection	View	Channel	Begin Time (s)	End Time (s)	Low Freq (Hz)	High Freq (Hz)	file	syllable	year
1	Waveform 1	1	20.150470895	20.150470895	0.000	48000.000	06-C03-18-01	a	2018
2	Waveform 1	1	20.156344276	20.156344276	0.000	48000.000	06-C03-18-01	a	2018
3	Waveform 1	1	20.163761602	20.163761602	0.000	48000.000	06-C03-18-01	a	2018
4	Waveform 1	1	20.173150589	20.173150589	0.000	48000.000	06-C03-18-01	a	2018
5	Waveform 1	1	20.180187444	20.180187444	0.000	48000.000	06-C03-18-01	a	2018
6	Waveform 1	1	20.188044130	20.188044130	0.000	48000.000	06-C03-18-01	a	2018
7	Waveform 1	1	20.198300256	20.198300256	0.000	48000.000	06-C03-18-01	a	2018
8	Waveform 1	1	20.204304403	20.204304403	0.000	48000.000	06-C03-18-01	a	2018
9	Waveform 1	1	20.212730897	20.212730897	0.000	48000.000	06-C03-18-01	a	2018
10	Waveform 1	1	20.223179503	20.223179503	0.000	48000.000	06-C03-18-01	a	2018
11	Waveform 1	1	20.229011117	20.229011117	0.000	48000.000	06-C03-18-01	a	2018
12	Waveform 1	1	20.238451933	20.238451933	0.000	48000.000	06-C03-18-01	a	2018
13	Waveform 1	1	20.247133812	20.247133812	0.000	48000.000	06-C03-18-01	a	2018
14	Waveform 1	1	20.253544931	20.253544931	0.000	48000.000	06-C03-18-01	a	2018
15	Waveform 1	1	20.263434330	20.263434330	0.000	48000.000	06-C03-18-01	a	2018
16	Waveform 1	1	20.270542681	20.270542681	0.000	48000.000	06-C03-18-01	a	2018
17	Waveform 1	1	20.279203653	20.279203653	0.000	48000.000	06-C03-18-01	a	2018
18	Waveform 1	1	20.289962612	20.289962612	0.000	48000.000	06-C03-18-01	a	2018
19	Waveform 1	1	20.596006825	20.596006825	0.000	48000.000	06-C03-18-01	b	2018
20	Waveform 1	1	20.601734921	20.601734921	0.000	48000.000	06-C03-18-01	b	2018
21	Waveform 1	1	20.609429918	20.609429918	0.000	48000.000	06-C03-18-01	b	2018
22	Waveform 1	1	20.619029666	20.619029666	0.000	48000.000	06-C03-18-01	b	2018
23	Waveform 1	1	20.625151135	20.625151135	0.000	48000.000	06-C03-18-01	b	2018
24	Waveform 1	1	20.633439604	20.633439604	0.000	48000.000	06-C03-18-01	b	2018
25	Waveform 1	1	20.643791388	20.643791388	0.000	48000.000	06-C03-18-01	b	2018
26	Waveform 1	1	20.649436668	20.649436668	0.000	48000.000	06-C03-18-01	b	2018
27	Waveform 1	1	20.658622340	20.658622340	0.000	48000.000	06-C03-18-01	b	2018
28	Waveform 1	1	20.668194484	20.668194484	0.000	48000.000	06-C03-18-01	b	2018
29	Waveform 1	1	20.674198630	20.674198630	0.000	48000.000	06-C03-18-01	b	2018
30	Waveform 1	1	20.684026121	20.684026121	0.000	48000.000	06-C03-18-01	b	2018
31	Waveform 1	1	20.690637580	20.690637580	0.000	48000.000	06-C03-18-01	b	2018
32	Waveform 1	1	20.697897759	20.697897759	0.000	48000.000	06-C03-18-01	b	2018
33	Waveform 1	1	20.708325660	20.708325660	0.000	48000.000	06-C03-18-01	b	2018
34	Waveform 1	1	20.714564451	20.714564451	0.000	48000.000	06-C03-18-01	b	2018
35	Waveform 1	1	20.723729419	20.723729419	0.000	48000.000	06-C03-18-01	b	2018
36	Waveform 1	1	20.732411260	20.732411260	0.000	48000.000	06-C03-18-01	b	2018
37	Waveform 1	1	20.739063961	20.739063961	0.000	48000.000	06-C03-18-01	b	2018
38	Waveform 1	1	20.749015675	20.749015675	0.000	48000.000	06-C03-18-01	b	2018
39	Waveform 1	1	20.758104488	20.758104488	0.000	48000.000	06-C03-18-01	b	2018
40	Waveform 1	1	20.768497680	20.768497680	0.000	48000.000	06-C03-18-01	b	2018
41	Waveform 1	1	21.498124406	21.498124406	0.000	48000.000	06-C03-18-01	c	2018
42	Waveform 1	1	21.504066441	21.504066441	0.000	48000.000	06-C03-18-01	c	2018
43	Waveform 1	1	21.511519713	21.511519713	0.000	48000.000	06-C03-18-01	c	2018
44	Waveform 1	1	21.521119462	21.521119462	0.000	48000.000	06-C03-18-01	c	2018
45	Waveform 1	1	21.528641926	21.528641926	0.000	48000.000	06-C03-18-01	c	2018
46	Waveform 1	1	21.536654344	21.536654344	0.000	48000.000	06-C03-18-01	c	2018
47	Waveform 1	1	21.547020134	21.547020134	0.000	48000.000	06-C03-18-01	c	2018
48	Waveform 1	1	21.552872250	21.552872250	0.000	48000.000	06-C03-18-01	c	2018
49	Waveform 1	1	21.561561030	21.561561030	0.000	48000.000	06-C03-18-01	c	2018
50	Waveform 1	1	21.572009432	21.572009432	0.000	48000.000	06-C03-18-01	c	2018
51	Waveform 1	1	21.577875553	21.577875553	0.000	48000.000	06-C03-18-01	c	2018
52	Waveform 1	1	21.587295831	21.587295831	0.000	48000.000	06-C03-18-01	c	2018
53	Waveform 1	1	21.595832580	21.595832580	0.000	48000.000	06-C03-18-01	c	2018
54	Waveform 1	1	21.602450941	21.602450941	0.000	48000.000	06-C03-18-01	c	2018
55	Waveform 1	1	21.612678299	21.612678299	0.000	48000.000	06-C03-18-01	c	2018
56	Waveform 1	1	21.619800452	21.619800452	0.000	48000.000	06-C03-18-01	c	2018
57	Waveform 1	1	21.628868599	21.628868599	0.000	48000.000	06-C03-18-01	c	2018
58	Waveform 1	1	21.639627762	21.639627762	0.000	48000.000	06-C03-18-01	c	2018
59	Waveform 1	1	21.999947868	21.999947868	0.000	48000.000	06-C03-18-01	d	2018
60	Waveform 1	1	22.005800187	22.005800187	0.000	48000.000	06-C03-18-01	d	2018
61	Waveform 1	1	22.013550356	22.013550356	0.000	48000.000	06-C03-18-01	d	2018
62	Waveform 1	1	22.023260525	22.023260525	0.000	48000.000	06-C03-18-01	d	2018
63	Waveform 1	1	22.029388895	22.029388895	0.000	48000.000	06-C03-18-01	d	2018
64	Waveform 1	1	22.037691001	22.037697902	0.000	48000.000	06-C03-18-01	d	2018
65	Waveform 1	1	22.048160310	22.048160310	0.000	48000.000	06-C03-18-01	d	2018
66	Waveform 1	1	22.054026228	22.054026228	0.000	48000.000	06-C03-18-01	d	2018
67	Waveform 1	1	22.063080738	22.063080738	0.000	48000.000	06-C03-18-01	d	2018
68	Waveform 1	1	22.073370411	22.073370411	0.000	48000.000	06-C03-18-01	d	2018
69	Waveform 1	1	22.079271039	22.079271039	0.000	48000.000	06-C03-18-01	d	2018
70	Waveform 1	1	22.089105228	22.089105228	0.000	48000.000	06-C03-18-01	d	2018
71	Waveform 1	1	22.096241183	22.096241183	0.000	48000.000	06-C03-18-01	d	2018
72	Waveform 1	1	22.103197743	22.103197743	0.000	48000.000	06-C03-18-01	d	2018
73	Waveform 1	1	22.113549528	22.113549528	0.000	48000.000	06-C03-18-01	d	2018
74	Waveform 1	1	22.120016060	22.120016060	0.000	48000.000	06-C03-18-01	d	2018
75	Waveform 1	1	22.128794354	22.128794354	0.000	48000.000	06-C03-18-01	d	2018
76	Waveform 1	1	22.138690820	22.138690820	0.000	48000.000	06-C03-18-01	d	2018
77	Waveform 1	1	22.145716392	22.145716392	0.000	48000.000	06-C03-18-01	d	2018
78	Waveform 1	1	22.156151195	22.156151195	0.000	48000.000	06-C03-18-01	d	2018
79	Waveform 1	1	22.767769763	22.767769763	0.000	48000.000	06-C03-18-01	e	2018
80	Waveform 1	1	22.773801514	22.773801514	0.000	48000.000	06-C03-18-01	e	2018
81	Waveform 1	1	22.781468869	22.781468869	0.000	48000.000	06-C03-18-01	e	2018
82	Waveform 1	1	22.791151432	22.791151432	0.000	48000.000	06-C03-18-01	e	2018
83	Waveform 1	1	22.797921418	22.797921418	0.000	48000.000	06-C03-18-01	e	2018
84	Waveform 1	1	22.806113306	22.806113306	0.000	48000.000	06-C03-18-01	e	2018
85	Waveform 1	1	22.816458189	22.816458189	0.000	48000.000	06-C03-18-01	e	2018
86	Waveform 1	1	22.822331211	22.822331211	0.000	48000.000	06-C03-18-01	e	2018
87	Waveform 1	1	22.831144177	22.831144177	0.000	48000.000	06-C03-18-01	e	2018
88	Waveform 1	1	22.841633784	22.841633784	0.000	48000.000	06-C03-18-01	e	2018
89	Waveform 1	1	22.847444695	22.847444695	0.000	48000.000	06-C03-18-01	e	2018
90	Waveform 1	1	22.856850802	22.856850802	0.000	48000.000	06-C03-18-01	e	2018
91	Waveform 1	1	22.865691410	22.865691410	0.000	48000.000	06-C03-18-01	e	2018
92	Waveform 1	1	22.872088726	22.872088726	0.000	48000.000	06-C03-18-01	e	2018
93	Waveform 1	1	22.881999032	22.881999032	0.000	48000.000	06-C03-18-01	e	2018
94	Waveform 1	1	22.889334922	22.889334922	0.000	48000.000	06-C03-18-01	e	2018
95	Waveform 1	1	22.897533711	22.897533711	0.000	48000.000	06-C03-18-01	e	2018
96	Waveform 1	1	22.908340980	22.908340980	0.000	48000.000	06-C03-18-01	e	2018
97	Waveform 1	1	23.245816663	23.245816663	0.000	48000.000	06-C03-18-01	f	2018
98	Waveform 1	1	23.251724192	23.251724192	0.000	48000.000	06-C03-18-01	f	2018
99	Waveform 1	1	23.259619325	23.259619325	0.000	48000.000	06-C03-18-01	f	2018
100	Waveform 1	1	23.269529594	23.269529594	0.000	48000.000	06-C03-18-01	f	2018
101	Waveform 1	1	23.275733877	23.275733877	0.000	48000.000	06-C03-18-01	f	2018
102	Waveform 1	1	23.284532875	23.284532875	0.000	48000.000	06-C03-18-01	f	2018
103	Waveform 1	1	23.294891764	23.294891764	0.000	48000.000	06-C03-18-01	f	2018
104	Waveform 1	1	23.300757682	23.300757682	0.000	48000.000	06-C03-18-01	f	2018
105	Waveform 1	1	23.310012366	23.310012366	0.000	48000.000	06-C03-18-01	f	2018
106	Waveform 1	1	23.319577405	23.319577405	0.000	48000.000	06-C03-18-01	f	2018
107	Waveform 1	1	23.325705775	23.325705775	0.000	48000.000	06-C03-18-01	f	2018
108	Waveform 1	1	23.335684891	23.335684891	0.000	48000.000	06-C03-18-01	f	2018
109	Waveform 1	1	23.342323955	23.342323955	0.000	48000.000	06-C03-18-01	f	2018
110	Waveform 1	1	23.349818777	23.349818777	0.000	48000.000	06-C03-18-01	f	2018
111	Waveform 1	1	23.360260075	23.360260075	0.000	48000.000	06-C03-18-01	f	2018
112	Waveform 1	1	23.366609285	23.366609285	0.000	48000.000	06-C03-18-01	f	2018
113	Waveform 1	1	23.375753346	23.375753346	0.000	48000.000	06-C03-18-01	f	2018
114	Waveform 1	1	23.385021834	23.385021834	0.000	48000.000	06-C03-18-01	f	2018
115	Waveform 1	1	23.392150685	23.392150685	0.000	48000.000	06-C03-18-01	f	2018
116	Waveform 1	1	23.402343740	23.402343740	0.000	48000.000	06-C03-18-01	f	2018
117	Waveform 1	1	24.025648035	24.025648035	0.000	48000.000	06-C03-18-01	g	2018
118	Waveform 1	1	24.031644504	24.031644504	0.000	48000.000	06-C03-18-01	g	2018
119	Waveform 1	1	24.039345342	24.039345342	0.000	48000.000	06-C03-18-01	g	2018
120	Waveform 1	1	24.049134409	24.049134409	0.000	48000.000	06-C03-18-01	g	2018
121	Waveform 1	1	24.055826991	24.055826991	0.000	48000.000	06-C03-18-01	g	2018
122	Waveform 1	1	24.064295312	24.064295312	0.000	48000.000	06-C03-18-01	g	2018
123	Waveform 1	1	24.074869537	24.074869537	0.000	48000.000	06-C03-18-01	g	2018
124	Waveform 1	1	24.080812560	24.080812560	0.000	48000.000	06-C03-18-01	g	2018
125	Waveform 1	1	24.089789605	24.089789605	0.000	48000.000	06-C03-18-01	g	2018
126	Waveform 1	1	24.100122899	24.100122899	0.000	48000.000	06-C03-18-01	g	2018
127	Waveform 1	1	24.106333419	24.106333419	0.000	48000.000	06-C03-18-01	g	2018
128	Waveform 1	1	24.116131314	24.116131314	0.000	48000.000	06-C03-18-01	g	2018
129	Waveform 1	1	24.123734074	24.123734074	0.000	48000.000	06-C03-18-01	g	2018
130	Waveform 1	1	24.130506763	24.130506763	0.000	48000.000	06-C03-18-01	g	2018
131	Waveform 1	1	24.140866718	24.140866718	0.000	48000.000	06-C03-18-01	g	2018
132	Waveform 1	1	24.147710996	24.147710996	0.000	48000.000	06-C03-18-01	g	2018
133	Waveform 1	1	24.157312579	24.157312579	0.000	48000.000	06-C03-18-01	g	2018
134	Waveform 1	1	24.167869051	24.167869051	0.000	48000.000	06-C03-18-01	g	2018
135	Waveform 1	1	24.494893762	24.494893762	0.000	48000.000	06-C03-18-01	h	2018
136	Waveform 1	1	24.500809920	24.500809920	0.000	48000.000	06-C03-18-01	h	2018
137	Waveform 1	1	24.508546530	24.508546530	0.000	48000.000	06-C03-18-01	h	2018
138	Waveform 1	1	24.518478370	24.518478370	0.000	48000.000	06-C03-18-01	h	2018
139	Waveform 1	1	24.524733709	24.524733709	0.000	48000.000	06-C03-18-01	h	2018
140	Waveform 1	1	24.533175261	24.533175261	0.000	48000.000	06-C03-18-01	h	2018
141	Waveform 1	1	24.543642405	24.543642405	0.000	48000.000	06-C03-18-01	h	2018
142	Waveform 1	1	24.549424808	24.549424808	0.000	48000.000	06-C03-18-01	h	2018
143	Waveform 1	1	24.558723093	24.558723093	0.000	48000.000	06-C03-18-01	h	2018
144	Waveform 1	1	24.568619145	24.568619145	0.000	48000.000	06-C03-18-01	h	2018
145	Waveform 1	1	24.574749558	24.574749558	0.000	48000.000	06-C03-18-01	h	2018
146	Waveform 1	1	24.584600993	24.584600993	0.000	48000.000	06-C03-18-01	h	2018
147	Waveform 1	1	24.591311421	24.591311421	0.000	48000.000	06-C03-18-01	h	2018
148	Waveform 1	1	24.598539402	24.598539402	0.000	48000.000	06-C03-18-01	h	2018
149	Waveform 1	1	24.608997718	24.608997718	0.000	48000.000	06-C03-18-01	h	2018
150	Waveform 1	1	24.615306440	24.615306440	0.000	48000.000	06-C03-18-01	h	2018
151	Waveform 1	1	24.624372421	24.624372421	0.000	48000.000	06-C03-18-01	h	2018
152	Waveform 1	1	24.633831231	24.633831231	0.000	48000.000	06-C03-18-01	h	2018
153	Waveform 1	1	24.640916438	24.640916438	0.000	48000.000	06-C03-18-01	h	2018
154	Waveform 1	1	24.651017821	24.651017821	0.000	48000.000	06-C03-18-01	h	2018
155	Waveform 1	1	25.415968039	25.415968039	0.000	48000.000	06-C03-18-01	i	2018
156	Waveform 1	1	25.421919986	25.421919986	0.000	48000.000	06-C03-18-01	i	2018
157	Waveform 1	1	25.429585209	25.429585209	0.000	48000.000	06-C03-18-01	i	2018
158	Waveform 1	1	25.439356429	25.439356429	0.000	48000.000	06-C03-18-01	i	2018
159	Waveform 1	1	25.446031164	25.446031164	0.000	48000.000	06-C03-18-01	i	2018
160	Waveform 1	1	25.454267479	25.454267479	0.000	48000.000	06-C03-18-01	i	2018
161	Waveform 1	1	25.464770317	25.464770317	0.000	48000.000	06-C03-18-01	i	2018
162	Waveform 1	1	25.470667952	25.470667952	0.000	48000.000	06-C03-18-01	i	2018
163	Waveform 1	1	25.479591363	25.479591363	0.000	48000.000	06-C03-18-01	i	2018
164	Waveform 1	1	25.490290608	25.490290608	0.000	48000.000	06-C03-18-01	i	2018
165	Waveform 1	1	25.496242351	25.496242351	0.000	48000.000	06-C03-18-01	i	2018
166	Waveform 1	1	25.505745778	25.505745778	0.000	48000.000	06-C03-18-01	i	2018
167	Waveform 1	1	25.513696547	25.513696547	0.000	48000.000	06-C03-18-01	i	2018
168	Waveform 1	1	25.520460515	25.520460515	0.000	48000.000	06-C03-18-01	i	2018
169	Waveform 1	1	25.530758211	25.530758211	0.000	48000.000	06-C03-18-01	i	2018
170	Waveform 1	1	25.537727415	25.537727415	0.000	48000.000	06-C03-18-01	i	2018
171	Waveform 1	1	25.547284381	25.547284381	0.000	48000.000	06-C03-18-01	i	2018
172	Waveform 1	1	25.558706415	25.558706415	0.000	48000.000	06-C03-18-01	i	2018
173	Waveform 1	1	25.897072755	25.897072755	0.000	48000.000	06-C03-18-01	j	2018
174	Waveform 1	1	25.902837312	25.902837312	0.000	48000.000	06-C03-18-01	j	2018
175	Waveform 1	1	25.910484688	25.910484688	0.000	48000.000	06-C03-18-01	j	2018
176	Waveform 1	1	25.920380835	25.920380835	0.000	48000.000	06-C03-18-01	j	2018
177	Waveform 1	1	25.926645003	25.926645003	0.000	48000.000	06-C03-18-01	j	2018
178	Waveform 1	1	25.934952799	25.934952799	0.000	48000.000	06-C03-18-01	j	2018
179	Waveform 1	1	25.945446713	25.945446713	0.000	48000.000	06-C03-18-01	j	2018
180	Waveform 1	1	25.951193424	25.951193424	0.000	48000.000	06-C03-18-01	j	2018
181	Waveform 1	1	25.960205864	25.960205864	0.000	48000.000	06-C03-18-01	j	2018
182	Waveform 1	1	25.970566023	25.970566023	0.000	48000.000	06-C03-18-01	j	2018
183	Waveform 1	1	25.976723206	25.976723206	0.000	48000.000	06-C03-18-01	j	2018
184	Waveform 1	1	25.986547872	25.986547872	0.000	48000.000	06-C03-18-01	j	2018
185	Waveform 1	1	25.993624156	25.993624156	0.000	48000.000	06-C03-18-01	j	2018
186	Waveform 1	1	26.001039526	26.001039526	0.000	48000.000	06-C03-18-01	j	2018
187	Waveform 1	1	26.011604921	26.011604921	0.000	48000.000	06-C03-18-01	j	2018
188	Waveform 1	1	26.017949399	26.017949399	0.000	48000.000	06-C03-18-01	j	2018
189	Waveform 1	1	26.027310147	26.027310147	0.000	48000.000	06-C03-18-01	j	2018
190	Waveform 1	1	26.036608337	26.036608337	0.000	48000.000	06-C03-18-01	j	2018
191	Waveform 1	1	26.044095094	26.044095094	0.000	48000.000	06-C03-18-01	j	2018
192	Waveform 1	1	26.054473099	26.054473099	0.000	48000.000	06-C03-18-01	j	2018
