Selection	View	Channel	Begin Time (s)	End Time (s)	Low Freq (Hz)	High Freq (Hz)	file	syllable	year
1	Waveform 1	1	91.236706146	91.236706146	0.0	48000.0	08-C03-18-04	a	2018
2	Waveform 1	1	91.243218818	91.243218818	0.0	48000.0	08-C03-28-04	a	2018
3	Waveform 1	1	91.251545810	91.251545810	0.0	48000.0	08-C03-28-04	a	2018
4	Waveform 1	1	91.262026890	91.262026890	0.0	48000.0	08-C03-28-04	a	2018
5	Waveform 1	1	91.269568491	91.269568491	0.0	48000.0	08-C03-28-04	a	2018
6	Waveform 1	1	91.279287143	91.279287143	0.0	48000.0	08-C03-28-04	a	2018
7	Waveform 1	1	91.289492649	91.289492649	0.0	48000.0	08-C03-28-04	a	2018
8	Waveform 1	1	91.297925278	91.297925278	0.0	48000.0	08-C03-28-04	a	2018
9	Waveform 1	1	91.308296127	91.308296127	0.0	48000.0	08-C03-28-04	a	2018
10	Waveform 1	1	91.316563413	91.316563413	0.0	48000.0	08-C03-28-04	a	2018
11	Waveform 1	1	91.326713801	91.326713801	0.0	48000.0	08-C03-28-04	a	2018
12	Waveform 1	1	91.336584020	91.336584020	0.0	48000.0	08-C03-28-04	a	2018
13	Waveform 1	1	91.345783672	91.345783672	0.0	48000.0	08-C03-28-04	a	2018
14	Waveform 1	1	91.357266013	91.357266013	0.0	48000.0	08-C03-28-04	a	2018
15	Waveform 1	1	91.367361286	91.367361286	0.0	48000.0	08-C03-28-04	a	2018
16	Waveform 1	1	91.727912027	91.727912027	0.0	48000.0	08-C03-28-04	b	2018
17	Waveform 1	1	91.734466148	91.734466148	0.0	48000.0	08-C03-28-04	b	2018
18	Waveform 1	1	91.742962968	91.742962968	0.0	48000.0	08-C03-28-04	b	2018
19	Waveform 1	1	91.753324631	91.753324631	0.0	48000.0	08-C03-28-04	b	2018
20	Waveform 1	1	91.760884604	91.760884604	0.0	48000.0	08-C03-28-04	b	2018
21	Waveform 1	1	91.770832903	91.770832903	0.0	48000.0	08-C03-28-04	b	2018
22	Waveform 1	1	91.780184120	91.780188713	0.0	48000.0	08-C03-28-04	b	2018
23	Waveform 1	1	91.788644309	91.788644309	0.0	48000.0	08-C03-28-04	b	2018
24	Waveform 1	1	91.799598461	91.799598461	0.0	48000.0	08-C03-28-04	b	2018
25	Waveform 1	1	91.807411046	91.807411046	0.0	48000.0	08-C03-28-04	b	2018
26	Waveform 1	1	91.817386903	91.817386903	0.0	48000.0	08-C03-28-04	b	2018
27	Waveform 1	1	91.826035402	91.826035402	0.0	48000.0	08-C03-28-04	b	2018
28	Waveform 1	1	91.835193716	91.835193716	0.0	48000.0	08-C03-28-04	b	2018
29	Waveform 1	1	91.845844734	91.845844734	0.0	48000.0	08-C03-28-04	b	2018
30	Waveform 1	1	91.854479455	91.854479455	0.0	48000.0	08-C03-28-04	b	2018
31	Waveform 1	1	91.864326709	91.864326709	0.0	48000.0	08-C03-28-04	b	2018
32	Waveform 1	1	91.873912166	91.873912166	0.0	48000.0	08-C03-28-04	b	2018
33	Waveform 1	1	91.886579485	91.886584078	0.0	48000.0	08-C03-28-04	b	2018
34	Waveform 1	1	92.592954531	92.592954531	0.0	48000.0	08-C03-28-04	c	2018
35	Waveform 1	1	92.599407606	92.599407606	0.0	48000.0	08-C03-28-04	c	2018
36	Waveform 1	1	92.607766750	92.607771343	0.0	48000.0	08-C03-28-04	c	2018
37	Waveform 1	1	92.618178936	92.618178936	0.0	48000.0	08-C03-28-04	c	2018
38	Waveform 1	1	92.625945591	92.625945591	0.0	48000.0	08-C03-28-04	c	2018
39	Waveform 1	1	92.635719358	92.635719358	0.0	48000.0	08-C03-28-04	c	2018
40	Waveform 1	1	92.645750330	92.645750330	0.0	48000.0	08-C03-28-04	c	2018
41	Waveform 1	1	92.654325342	92.654325342	0.0	48000.0	08-C03-28-04	c	2018
42	Waveform 1	1	92.665160079	92.665160079	0.0	48000.0	08-C03-28-04	c	2018
43	Waveform 1	1	92.673096672	92.673096672	0.0	48000.0	08-C03-28-04	c	2018
44	Waveform 1	1	92.683237875	92.683237875	0.0	48000.0	08-C03-28-04	c	2018
45	Waveform 1	1	92.692781996	92.692781996	0.0	48000.0	08-C03-28-04	c	2018
46	Waveform 1	1	92.702004612	92.702004612	0.0	48000.0	08-C03-28-04	c	2018
47	Waveform 1	1	92.713606367	92.713606367	0.0	48000.0	08-C03-28-04	c	2018
48	Waveform 1	1	92.724408953	92.724408953	0.0	48000.0	08-C03-28-04	c	2018
49	Waveform 1	1	93.084537974	93.084537974	0.0	48000.0	08-C03-28-04	d	2018
50	Waveform 1	1	93.091046868	93.091046868	0.0	48000.0	08-C03-28-04	d	2018
51	Waveform 1	1	93.099703194	93.099703194	0.0	48000.0	08-C03-28-04	d	2018
52	Waveform 1	1	93.110212892	93.110212892	0.0	48000.0	08-C03-28-04	d	2018
53	Waveform 1	1	93.117925885	93.117925885	0.0	48000.0	08-C03-28-04	d	2018
54	Waveform 1	1	93.127975014	93.127975014	0.0	48000.0	08-C03-28-04	d	2018
55	Waveform 1	1	93.137169523	93.137169523	0.0	48000.0	08-C03-28-04	d	2018
56	Waveform 1	1	93.146225378	93.146225378	0.0	48000.0	08-C03-28-04	d	2018
57	Waveform 1	1	93.157101311	93.157101311	0.0	48000.0	08-C03-28-04	d	2018
58	Waveform 1	1	93.165180539	93.165180539	0.0	48000.0	08-C03-28-04	d	2018
59	Waveform 1	1	93.175634747	93.175634747	0.0	48000.0	08-C03-28-04	d	2018
60	Waveform 1	1	93.183836053	93.183836053	0.0	48000.0	08-C03-28-04	d	2018
61	Waveform 1	1	93.193707542	93.193707542	0.0	48000.0	08-C03-28-04	d	2018
62	Waveform 1	1	93.204106259	93.204106259	0.0	48000.0	08-C03-28-04	d	2018
63	Waveform 1	1	93.212823624	93.212823624	0.0	48000.0	08-C03-28-04	d	2018
64	Waveform 1	1	93.223399838	93.223399838	0.0	48000.0	08-C03-28-04	d	2018
65	Waveform 1	1	93.232932909	93.232932909	0.0	48000.0	08-C03-28-04	d	2018
66	Waveform 1	1	93.946569195	93.946569195	0.0	48000.0	08-C03-28-04	e	2018
67	Waveform 1	1	93.953067024	93.953067024	0.0	48000.0	08-C03-28-04	e	2018
68	Waveform 1	1	93.961440350	93.961440350	0.0	48000.0	08-C03-28-04	e	2018
69	Waveform 1	1	93.971938878	93.971938878	0.0	48000.0	08-C03-28-04	e	2018
70	Waveform 1	1	93.979613099	93.979613099	0.0	48000.0	08-C03-28-04	e	2018
71	Waveform 1	1	93.989329287	93.989329287	0.0	48000.0	08-C03-28-04	e	2018
72	Waveform 1	1	93.999539266	93.999539266	0.0	48000.0	08-C03-28-04	e	2018
73	Waveform 1	1	94.008167847	94.008167847	0.0	48000.0	08-C03-28-04	e	2018
74	Waveform 1	1	94.018805172	94.018805172	0.0	48000.0	08-C03-28-04	e	2018
75	Waveform 1	1	94.027050871	94.027050871	0.0	48000.0	08-C03-28-04	e	2018
76	Waveform 1	1	94.037438490	94.037438490	0.0	48000.0	08-C03-28-04	e	2018
77	Waveform 1	1	94.046982587	94.046982587	0.0	48000.0	08-C03-28-04	e	2018
78	Waveform 1	1	94.056149422	94.056149422	0.0	48000.0	08-C03-28-04	e	2018
79	Waveform 1	1	94.067369323	94.067369323	0.0	48000.0	08-C03-28-04	e	2018
80	Waveform 1	1	94.077496139	94.077496139	0.0	48000.0	08-C03-28-04	e	2018
81	Waveform 1	1	94.427333833	94.427333833	0.0	48000.0	08-C03-28-04	e	2018
82	Waveform 1	1	94.434020257	94.434020257	0.0	48000.0	08-C03-28-04	e	2018
83	Waveform 1	1	94.442665484	94.442665484	0.0	48000.0	08-C03-28-04	e	2018
84	Waveform 1	1	94.453341653	94.453341653	0.0	48000.0	08-C03-28-04	e	2018
85	Waveform 1	1	94.461099037	94.461099037	0.0	48000.0	08-C03-28-04	e	2018
86	Waveform 1	1	94.471397873	94.471397873	0.0	48000.0	08-C03-28-04	e	2018
87	Waveform 1	1	94.480154081	94.480154081	0.0	48000.0	08-C03-28-04	e	2018
88	Waveform 1	1	94.489154446	94.489154446	0.0	48000.0	08-C03-28-04	e	2018
89	Waveform 1	1	94.500107993	94.500107993	0.0	48000.0	08-C03-28-04	e	2018
90	Waveform 1	1	94.508126182	94.508126182	0.0	48000.0	08-C03-28-04	e	2018
91	Waveform 1	1	94.518352880	94.518352880	0.0	48000.0	08-C03-28-04	e	2018
92	Waveform 1	1	94.526992559	94.526992559	0.0	48000.0	08-C03-28-04	e	2018
93	Waveform 1	1	94.537136021	94.537136021	0.0	48000.0	08-C03-28-04	e	2018
94	Waveform 1	1	94.547262765	94.547262765	0.0	48000.0	08-C03-28-04	e	2018
95	Waveform 1	1	94.556141051	94.556141051	0.0	48000.0	08-C03-28-04	e	2018
96	Waveform 1	1	94.566961495	94.566961495	0.0	48000.0	08-C03-28-04	e	2018
97	Waveform 1	1	94.577476670	94.577476670	0.0	48000.0	08-C03-28-04	e	2018
98	Waveform 1	1	95.259334299	95.259334299	0.0	48000.0	08-C03-28-04	f	2018
99	Waveform 1	1	95.266059566	95.266059566	0.0	48000.0	08-C03-28-04	f	2018
100	Waveform 1	1	95.274482833	95.274482833	0.0	48000.0	08-C03-28-04	f	2018
101	Waveform 1	1	95.285114610	95.285114610	0.0	48000.0	08-C03-28-04	f	2018
102	Waveform 1	1	95.292777661	95.292777661	0.0	48000.0	08-C03-28-04	f	2018
103	Waveform 1	1	95.302588183	95.302588183	0.0	48000.0	08-C03-28-04	f	2018
104	Waveform 1	1	95.312859201	95.312859201	0.0	48000.0	08-C03-28-04	f	2018
105	Waveform 1	1	95.321304659	95.321304659	0.0	48000.0	08-C03-28-04	f	2018
106	Waveform 1	1	95.332247181	95.332247181	0.0	48000.0	08-C03-28-04	f	2018
107	Waveform 1	1	95.340359703	95.340359703	0.0	48000.0	08-C03-28-04	f	2018
108	Waveform 1	1	95.350941466	95.350941466	0.0	48000.0	08-C03-28-04	f	2018
109	Waveform 1	1	95.360374654	95.360374654	0.0	48000.0	08-C03-28-04	f	2018
110	Waveform 1	1	95.370024254	95.370024254	0.0	48000.0	08-C03-28-04	f	2018
111	Waveform 1	1	95.381621488	95.381621488	0.0	48000.0	08-C03-28-04	f	2018
112	Waveform 1	1	95.394112114	95.394112114	0.0	48000.0	08-C03-28-04	f	2018
113	Waveform 1	1	95.759936244	95.759936244	0.0	48000.0	08-C03-28-04	g	2018
114	Waveform 1	1	95.766600544	95.766600544	0.0	48000.0	08-C03-28-04	g	2018
115	Waveform 1	1	95.775273516	95.775273516	0.0	48000.0	08-C03-28-04	g	2018
116	Waveform 1	1	95.785805339	95.785805339	0.0	48000.0	08-C03-28-04	g	2018
117	Waveform 1	1	95.793451815	95.793451815	0.0	48000.0	08-C03-28-04	g	2018
118	Waveform 1	1	95.803334402	95.803334402	0.0	48000.0	08-C03-28-04	g	2018
119	Waveform 1	1	95.812673257	95.812673257	0.0	48000.0	08-C03-28-04	g	2018
120	Waveform 1	1	95.821562641	95.821562641	0.0	48000.0	08-C03-28-04	g	2018
121	Waveform 1	1	95.832371986	95.832371986	0.0	48000.0	08-C03-28-04	g	2018
122	Waveform 1	1	95.840456763	95.840456763	0.0	48000.0	08-C03-28-04	g	2018
123	Waveform 1	1	95.850694487	95.850694487	0.0	48000.0	08-C03-28-04	g	2018
124	Waveform 1	1	95.859078911	95.859078911	0.0	48000.0	08-C03-28-04	g	2018
125	Waveform 1	1	95.868833942	95.868833942	0.0	48000.0	08-C03-28-04	g	2018
126	Waveform 1	1	95.879249307	95.879249307	0.0	48000.0	08-C03-28-04	g	2018
127	Waveform 1	1	95.887983319	95.887983319	0.0	48000.0	08-C03-28-04	g	2018
128	Waveform 1	1	95.898359769	95.898359769	0.0	48000.0	08-C03-28-04	g	2018
129	Waveform 1	1	95.908087055	95.908087055	0.0	48000.0	08-C03-28-04	g	2018
130	Waveform 1	1	96.609255057	96.609255057	0.0	48000.0	08-C03-28-04	h	2018
131	Waveform 1	1	96.615930455	96.615930455	0.0	48000.0	08-C03-28-04	h	2018
132	Waveform 1	1	96.624353722	96.624353722	0.0	48000.0	08-C03-28-04	h	2018
133	Waveform 1	1	96.634763466	96.634763466	0.0	48000.0	08-C03-28-04	h	2018
134	Waveform 1	1	96.642415419	96.642415419	0.0	48000.0	08-C03-28-04	h	2018
135	Waveform 1	1	96.652264784	96.652264784	0.0	48000.0	08-C03-28-04	h	2018
136	Waveform 1	1	96.662380501	96.662380501	0.0	48000.0	08-C03-28-04	h	2018
137	Waveform 1	1	96.670975788	96.670975788	0.0	48000.0	08-C03-28-04	h	2018
138	Waveform 1	1	96.681557551	96.681557551	0.0	48000.0	08-C03-28-04	h	2018
139	Waveform 1	1	96.689792223	96.689792223	0.0	48000.0	08-C03-28-04	h	2018
140	Waveform 1	1	96.700024398	96.700024398	0.0	48000.0	08-C03-28-04	h	2018
141	Waveform 1	1	96.709851567	96.709851567	0.0	48000.0	08-C03-28-04	h	2018
142	Waveform 1	1	96.719179324	96.719179324	0.0	48000.0	08-C03-28-04	h	2018
143	Waveform 1	1	96.730565695	96.730565695	0.0	48000.0	08-C03-28-04	h	2018
144	Waveform 1	1	96.741325099	96.741325099	0.0	48000.0	08-C03-28-04	h	2018
145	Waveform 1	1	97.117226032	97.117226032	0.0	48000.0	08-C03-28-04	i	2018
146	Waveform 1	1	97.123890331	97.123890331	0.0	48000.0	08-C03-28-04	i	2018
147	Waveform 1	1	97.132335794	97.132335794	0.0	48000.0	08-C03-28-04	i	2018
148	Waveform 1	1	97.142751087	97.142751087	0.0	48000.0	08-C03-28-04	i	2018
149	Waveform 1	1	97.150425308	97.150425308	0.0	48000.0	08-C03-28-04	i	2018
150	Waveform 1	1	97.160385582	97.160385582	0.0	48000.0	08-C03-28-04	i	2018
151	Waveform 1	1	97.169741084	97.169741084	0.0	48000.0	08-C03-28-04	i	2018
152	Waveform 1	1	97.178425154	97.178425154	0.0	48000.0	08-C03-28-04	i	2018
153	Waveform 1	1	97.189151264	97.189151264	0.0	48000.0	08-C03-28-04	i	2018
154	Waveform 1	1	97.197180551	97.197180551	0.0	48000.0	08-C03-28-04	i	2018
155	Waveform 1	1	97.207434994	97.207434994	0.0	48000.0	08-C03-28-04	i	2018
156	Waveform 1	1	97.215791673	97.215791673	0.0	48000.0	08-C03-28-04	i	2018
157	Waveform 1	1	97.225396809	97.225396809	0.0	48000.0	08-C03-28-04	i	2018
158	Waveform 1	1	97.236078526	97.236078526	0.0	48000.0	08-C03-28-04	i	2018
159	Waveform 1	1	97.244640519	97.244640519	0.0	48000.0	08-C03-28-04	i	2018
160	Waveform 1	1	97.254894890	97.254894890	0.0	48000.0	08-C03-28-04	i	2018
161	Waveform 1	1	97.264905176	97.264905176	0.0	48000.0	08-C03-28-04	i	2018
162	Waveform 1	1	98.012500882	98.012500882	0.0	48000.0	08-C03-28-04	j	2018
163	Waveform 1	1	98.019204025	98.019204025	0.0	48000.0	08-C03-28-04	j	2018
164	Waveform 1	1	98.027710527	98.027710527	0.0	48000.0	08-C03-28-04	j	2018
165	Waveform 1	1	98.038203578	98.038203578	0.0	48000.0	08-C03-28-04	j	2018
166	Waveform 1	1	98.045833335	98.045833335	0.0	48000.0	08-C03-28-04	j	2018
167	Waveform 1	1	98.055693798	98.055693798	0.0	48000.0	08-C03-28-04	j	2018
168	Waveform 1	1	98.065937071	98.065937071	0.0	48000.0	08-C03-28-04	j	2018
169	Waveform 1	1	98.074582299	98.074582299	0.0	48000.0	08-C03-28-04	j	2018
170	Waveform 1	1	98.085358350	98.085358350	0.0	48000.0	08-C03-28-04	j	2018
171	Waveform 1	1	98.093393185	98.093393185	0.0	48000.0	08-C03-28-04	j	2018
172	Waveform 1	1	98.103575491	98.103575491	0.0	48000.0	08-C03-28-04	j	2018
173	Waveform 1	1	98.113180627	98.113180627	0.0	48000.0	08-C03-28-04	j	2018
174	Waveform 1	1	98.122508384	98.122508384	0.0	48000.0	08-C03-28-04	j	2018
175	Waveform 1	1	98.133622926	98.133622926	0.0	48000.0	08-C03-28-04	j	2018
176	Waveform 1	1	98.143577650	98.143577650	0.0	48000.0	08-C03-28-04	j	2018
