Selection	View	Channel	Begin Time (s)	End Time (s)	Low Freq (Hz)	High Freq (Hz)	file	syllable	year
1	Waveform 1	1	21.800370767	21.800370767	0.000	48000.000	10-C14-18-02	a	2018
2	Waveform 1	1	21.807187140	21.807187140	0.000	48000.000	10-C14-18-02	a	2018
3	Waveform 1	1	21.815894754	21.815894754	0.000	48000.000	10-C14-18-02	a	2018
4	Waveform 1	1	21.827035452	21.827035452	0.000	48000.000	10-C14-18-02	a	2018
5	Waveform 1	1	21.834964534	21.834964534	0.000	48000.000	10-C14-18-02	a	2018
6	Waveform 1	1	21.846542843	21.846542843	0.000	48000.000	10-C14-18-02	a	2018
7	Waveform 1	1	21.853893304	21.853893304	0.000	48000.000	10-C14-18-02	a	2018
8	Waveform 1	1	21.864492552	21.864492552	0.000	48000.000	10-C14-18-02	a	2018
9	Waveform 1	1	21.873830803	21.873830803	0.000	48000.000	10-C14-18-02	a	2018
10	Waveform 1	1	21.883984818	21.883984818	0.000	48000.000	10-C14-18-02	a	2018
11	Waveform 1	1	21.896156498	21.896156498	0.000	48000.000	10-C14-18-02	a	2018
12	Waveform 1	1	21.905261686	21.905261686	0.000	48000.000	10-C14-18-02	a	2018
13	Waveform 1	1	21.918064861	21.918064861	0.000	48000.000	10-C14-18-02	a	2018
14	Waveform 1	1	21.928228302	21.928228302	0.000	48000.000	10-C14-18-02	a	2018
15	Waveform 1	1	22.284047959	22.284047959	0.000	48000.000	10-C14-18-02	b	2018
16	Waveform 1	1	22.291051362	22.291051362	0.000	48000.000	10-C14-18-02	b	2018
17	Waveform 1	1	22.300497238	22.300497238	0.000	48000.000	10-C14-18-02	b	2018
18	Waveform 1	1	22.310891662	22.310891662	0.000	48000.000	10-C14-18-02	b	2018
19	Waveform 1	1	22.319130909	22.319130909	0.000	48000.000	10-C14-18-02	b	2018
20	Waveform 1	1	22.330843854	22.330843854	0.000	48000.000	10-C14-18-02	b	2018
21	Waveform 1	1	22.338132013	22.338132013	0.000	48000.000	10-C14-18-02	b	2018
22	Waveform 1	1	22.348440802	22.348440802	0.000	48000.000	10-C14-18-02	b	2018
23	Waveform 1	1	22.358053278	22.358053278	0.000	48000.000	10-C14-18-02	b	2018
24	Waveform 1	1	22.367751949	22.367751949	0.000	48000.000	10-C14-18-02	b	2018
25	Waveform 1	1	22.379815830	22.379815830	0.000	48000.000	10-C14-18-02	b	2018
26	Waveform 1	1	22.388060163	22.388060163	0.000	48000.000	10-C14-18-02	b	2018
27	Waveform 1	1	22.400108786	22.400108786	0.000	48000.000	10-C14-18-02	b	2018
28	Waveform 1	1	22.408927840	22.408932927	0.000	48000.000	10-C14-18-02	b	2018
29	Waveform 1	1	22.420635699	22.420635699	0.000	48000.000	10-C14-18-02	b	2018
30	Waveform 1	1	22.433508259	22.433508259	0.000	48000.000	10-C14-18-02	b	2018
31	Waveform 1	1	22.954652747	22.954652747	0.000	48000.000	10-C14-18-02	c	2018
32	Waveform 1	1	22.961488312	22.961488312	0.000	48000.000	10-C14-18-02	c	2018
33	Waveform 1	1	22.970770133	22.970770133	0.000	48000.000	10-C14-18-02	c	2018
34	Waveform 1	1	22.980891212	22.980891212	0.000	48000.000	10-C14-18-02	c	2018
35	Waveform 1	1	22.989354183	22.989354183	0.000	48000.000	10-C14-18-02	c	2018
36	Waveform 1	1	22.999543067	22.999543067	0.000	48000.000	10-C14-18-02	c	2018
37	Waveform 1	1	23.008318554	23.008318554	0.000	48000.000	10-C14-18-02	c	2018
38	Waveform 1	1	23.018876761	23.018876761	0.000	48000.000	10-C14-18-02	c	2018
39	Waveform 1	1	23.028143659	23.028143659	0.000	48000.000	10-C14-18-02	c	2018
40	Waveform 1	1	23.038123397	23.038123397	0.000	48000.000	10-C14-18-02	c	2018
41	Waveform 1	1	23.050210639	23.050210639	0.000	48000.000	10-C14-18-02	c	2018
42	Waveform 1	1	23.059146944	23.059146944	0.000	48000.000	10-C14-18-02	c	2018
43	Waveform 1	1	23.072133008	23.072133008	0.000	48000.000	10-C14-18-02	c	2018
44	Waveform 1	1	23.085335999	23.085335999	0.000	48000.000	10-C14-18-02	c	2018
45	Waveform 1	1	23.418417103	23.418417103	0.000	48000.000	10-C14-18-02	d	2018
46	Waveform 1	1	23.425421508	23.425421508	0.000	48000.000	10-C14-18-02	d	2018
47	Waveform 1	1	23.434781386	23.434781386	0.000	48000.000	10-C14-18-02	d	2018
48	Waveform 1	1	23.445091716	23.445091716	0.000	48000.000	10-C14-18-02	d	2018
49	Waveform 1	1	23.453501140	23.453501140	0.000	48000.000	10-C14-18-02	d	2018
50	Waveform 1	1	23.465257789	23.465257789	0.000	48000.000	10-C14-18-02	d	2018
51	Waveform 1	1	23.472530800	23.472530800	0.000	48000.000	10-C14-18-02	d	2018
52	Waveform 1	1	23.482954772	23.482954772	0.000	48000.000	10-C14-18-02	d	2018
53	Waveform 1	1	23.492077036	23.492077036	0.000	48000.000	10-C14-18-02	d	2018
54	Waveform 1	1	23.502025781	23.502025781	0.000	48000.000	10-C14-18-02	d	2018
55	Waveform 1	1	23.513606802	23.513606802	0.000	48000.000	10-C14-18-02	d	2018
56	Waveform 1	1	23.521830062	23.521830062	0.000	48000.000	10-C14-18-02	d	2018
57	Waveform 1	1	23.534147769	23.534147769	0.000	48000.000	10-C14-18-02	d	2018
58	Waveform 1	1	23.542502173	23.542502173	0.000	48000.000	10-C14-18-02	d	2018
59	Waveform 1	1	23.553907568	23.553907568	0.000	48000.000	10-C14-18-02	d	2018
60	Waveform 1	1	23.565240669	23.565240669	0.000	48000.000	10-C14-18-02	d	2018
61	Waveform 1	1	23.578453991	23.578453991	0.000	48000.000	10-C14-18-02	d	2018
62	Waveform 1	1	24.250927632	24.250927632	0.000	48000.000	10-C14-18-02	e	2018
63	Waveform 1	1	24.257766741	24.257766741	0.000	48000.000	10-C14-18-02	e	2018
64	Waveform 1	1	24.266279475	24.266279475	0.000	48000.000	10-C14-18-02	e	2018
65	Waveform 1	1	24.277726217	24.277726217	0.000	48000.000	10-C14-18-02	e	2018
66	Waveform 1	1	24.285257504	24.285257504	0.000	48000.000	10-C14-18-02	e	2018
67	Waveform 1	1	24.296673254	24.296673254	0.000	48000.000	10-C14-18-02	e	2018
68	Waveform 1	1	24.304090900	24.304090900	0.000	48000.000	10-C14-18-02	e	2018
69	Waveform 1	1	24.315041729	24.315041729	0.000	48000.000	10-C14-18-02	e	2018
70	Waveform 1	1	24.323647442	24.323647442	0.000	48000.000	10-C14-18-02	e	2018
71	Waveform 1	1	24.334216048	24.334216048	0.000	48000.000	10-C14-18-02	e	2018
72	Waveform 1	1	24.346323952	24.346323952	0.000	48000.000	10-C14-18-02	e	2018
73	Waveform 1	1	24.355559857	24.355559857	0.000	48000.000	10-C14-18-02	e	2018
74	Waveform 1	1	24.369620346	24.369620346	0.000	48000.000	10-C14-18-02	e	2018
75	Waveform 1	1	24.736131898	24.736131898	0.000	48000.000	10-C14-18-02	f	2018
76	Waveform 1	1	24.743063986	24.743063986	0.000	48000.000	10-C14-18-02	f	2018
77	Waveform 1	1	24.752206911	24.752206911	0.000	48000.000	10-C14-18-02	f	2018
78	Waveform 1	1	24.762267191	24.762267191	0.000	48000.000	10-C14-18-02	f	2018
79	Waveform 1	1	24.770823355	24.770823355	0.000	48000.000	10-C14-18-02	f	2018
80	Waveform 1	1	24.781150374	24.781150374	0.000	48000.000	10-C14-18-02	f	2018
81	Waveform 1	1	24.789873702	24.789873702	0.000	48000.000	10-C14-18-02	f	2018
82	Waveform 1	1	24.800679692	24.800679692	0.000	48000.000	10-C14-18-02	f	2018
83	Waveform 1	1	24.809471363	24.809471363	0.000	48000.000	10-C14-18-02	f	2018
84	Waveform 1	1	24.819378784	24.819378784	0.000	48000.000	10-C14-18-02	f	2018
85	Waveform 1	1	24.830040565	24.830040565	0.000	48000.000	10-C14-18-02	f	2018
86	Waveform 1	1	24.839358922	24.839358922	0.000	48000.000	10-C14-18-02	f	2018
87	Waveform 1	1	24.851859199	24.851859199	0.000	48000.000	10-C14-18-02	f	2018
88	Waveform 1	1	24.860309947	24.860309947	0.000	48000.000	10-C14-18-02	f	2018
89	Waveform 1	1	24.872438512	24.872438512	0.000	48000.000	10-C14-18-02	f	2018
90	Waveform 1	1	24.885083653	24.885083653	0.000	48000.000	10-C14-18-02	f	2018
91	Waveform 1	1	25.426798206	25.426798206	0.000	48000.000	10-C14-18-02	g	2018
92	Waveform 1	1	25.433678639	25.433678639	0.000	48000.000	10-C14-18-02	g	2018
93	Waveform 1	1	25.442666599	25.442666599	0.000	48000.000	10-C14-18-02	g	2018
94	Waveform 1	1	25.452843270	25.452843270	0.000	48000.000	10-C14-18-02	g	2018
95	Waveform 1	1	25.461373277	25.461373277	0.000	48000.000	10-C14-18-02	g	2018
96	Waveform 1	1	25.473147359	25.473147359	0.000	48000.000	10-C14-18-02	g	2018
97	Waveform 1	1	25.480427443	25.480427443	0.000	48000.000	10-C14-18-02	g	2018
98	Waveform 1	1	25.491066097	25.491066097	0.000	48000.000	10-C14-18-02	g	2018
99	Waveform 1	1	25.500130423	25.500130423	0.000	48000.000	10-C14-18-02	g	2018
100	Waveform 1	1	25.510120264	25.510120264	0.000	48000.000	10-C14-18-02	g	2018
101	Waveform 1	1	25.521159657	25.521159657	0.000	48000.000	10-C14-18-02	g	2018
102	Waveform 1	1	25.531626567	25.531626567	0.000	48000.000	10-C14-18-02	g	2018
103	Waveform 1	1	25.543763221	25.543763221	0.000	48000.000	10-C14-18-02	g	2018
104	Waveform 1	1	25.554754909	25.554754909	0.000	48000.000	10-C14-18-02	g	2018
105	Waveform 1	1	25.902547674	25.902547674	0.000	48000.000	10-C14-18-02	h	2018
106	Waveform 1	1	25.909780051	25.909780051	0.000	48000.000	10-C14-18-02	h	2018
107	Waveform 1	1	25.919130618	25.919130618	0.000	48000.000	10-C14-18-02	h	2018
108	Waveform 1	1	25.929530739	25.929530739	0.000	48000.000	10-C14-18-02	h	2018
109	Waveform 1	1	25.937898543	25.937898543	0.000	48000.000	10-C14-18-02	h	2018
110	Waveform 1	1	25.949872993	25.949872993	0.000	48000.000	10-C14-18-02	h	2018
111	Waveform 1	1	25.957238949	25.957238949	0.000	48000.000	10-C14-18-02	h	2018
112	Waveform 1	1	25.968345134	25.968345134	0.000	48000.000	10-C14-18-02	h	2018
113	Waveform 1	1	25.976522108	25.976522108	0.000	48000.000	10-C14-18-02	h	2018
114	Waveform 1	1	25.986568992	25.986568992	0.000	48000.000	10-C14-18-02	h	2018
115	Waveform 1	1	25.997846921	25.997846921	0.000	48000.000	10-C14-18-02	h	2018
116	Waveform 1	1	26.006825372	26.006825372	0.000	48000.000	10-C14-18-02	h	2018
117	Waveform 1	1	26.019181480	26.019181480	0.000	48000.000	10-C14-18-02	h	2018
118	Waveform 1	1	26.027873691	26.027873691	0.000	48000.000	10-C14-18-02	h	2018
119	Waveform 1	1	26.039905389	26.039905389	0.000	48000.000	10-C14-18-02	h	2018
120	Waveform 1	1	26.052709940	26.052709940	0.000	48000.000	10-C14-18-02	h	2018
121	Waveform 1	1	26.585328449	26.585328449	0.000	48000.000	10-C14-18-02	i	2018
122	Waveform 1	1	26.592102840	26.592102840	0.000	48000.000	10-C14-18-02	i	2018
123	Waveform 1	1	26.601281662	26.601281662	0.000	48000.000	10-C14-18-02	i	2018
124	Waveform 1	1	26.611109297	26.611109297	0.000	48000.000	10-C14-18-02	i	2018
125	Waveform 1	1	26.619601140	26.619601140	0.000	48000.000	10-C14-18-02	i	2018
126	Waveform 1	1	26.631136481	26.631136481	0.000	48000.000	10-C14-18-02	i	2018
127	Waveform 1	1	26.638721890	26.638721890	0.000	48000.000	10-C14-18-02	i	2018
128	Waveform 1	1	26.649398710	26.649398710	0.000	48000.000	10-C14-18-02	i	2018
129	Waveform 1	1	26.658711111	26.658711111	0.000	48000.000	10-C14-18-02	i	2018
130	Waveform 1	1	26.668672328	26.668672328	0.000	48000.000	10-C14-18-02	i	2018
131	Waveform 1	1	26.681276510	26.681276510	0.000	48000.000	10-C14-18-02	i	2018
132	Waveform 1	1	26.690302670	26.690302670	0.000	48000.000	10-C14-18-02	i	2018
133	Waveform 1	1	26.703956200	26.703956200	0.000	48000.000	10-C14-18-02	i	2018
134	Waveform 1	1	26.715548996	26.715548996	0.000	48000.000	10-C14-18-02	i	2018
135	Waveform 1	1	27.109846314	27.109846314	0.000	48000.000	10-C14-18-02	j	2018
136	Waveform 1	1	27.116754284	27.116754284	0.000	48000.000	10-C14-18-02	j	2018
137	Waveform 1	1	27.125866316	27.125866316	0.000	48000.000	10-C14-18-02	j	2018
138	Waveform 1	1	27.135655786	27.135655786	0.000	48000.000	10-C14-18-02	j	2018
139	Waveform 1	1	27.144414787	27.144414787	0.000	48000.000	10-C14-18-02	j	2018
140	Waveform 1	1	27.155826296	27.155826296	0.000	48000.000	10-C14-18-02	j	2018
141	Waveform 1	1	27.163554826	27.163554826	0.000	48000.000	10-C14-18-02	j	2018
142	Waveform 1	1	27.173954945	27.173954945	0.000	48000.000	10-C14-18-02	j	2018
143	Waveform 1	1	27.183114685	27.183114685	0.000	48000.000	10-C14-18-02	j	2018
144	Waveform 1	1	27.193094779	27.193094779	0.000	48000.000	10-C14-18-02	j	2018
145	Waveform 1	1	27.204534911	27.204534911	0.000	48000.000	10-C14-18-02	j	2018
146	Waveform 1	1	27.213799605	27.213799605	0.000	48000.000	10-C14-18-02	j	2018
147	Waveform 1	1	27.226098463	27.226098463	0.000	48000.000	10-C14-18-02	j	2018
148	Waveform 1	1	27.235992890	27.235992890	0.000	48000.000	10-C14-18-02	j	2018
149	Waveform 1	1	27.248778358	27.248778358	0.000	48000.000	10-C14-18-02	j	2018
