Selection	View	Channel	Begin Time (s)	End Time (s)	Low Freq (Hz)	High Freq (Hz)	file	syllable	year
1	Waveform 1	1	20.099255050	20.099255050	0.0	22050.0	32-C03-18-07	a	2018
2	Waveform 1	1	20.107028453	20.107028453	0.0	22050.0	32-C03-18-07	a	2018
3	Waveform 1	1	20.116396941	20.116396941	0.0	22050.0	32-C03-18-07	a	2018
4	Waveform 1	1	20.127411233	20.127411233	0.0	22050.0	32-C03-18-07	a	2018
5	Waveform 1	1	20.135729651	20.135729651	0.0	22050.0	32-C03-18-07	a	2018
6	Waveform 1	1	20.146103494	20.146103494	0.0	22050.0	32-C03-18-07	a	2018
7	Waveform 1	1	20.155553868	20.155553868	0.0	22050.0	32-C03-18-07	a	2018
8	Waveform 1	1	20.165145768	20.165145768	0.0	22050.0	32-C03-18-07	a	2018
9	Waveform 1	1	20.176733397	20.176733397	0.0	22050.0	32-C03-18-07	a	2018
10	Waveform 1	1	20.184657120	20.184657120	0.0	22050.0	32-C03-18-07	a	2018
11	Waveform 1	1	20.195611835	20.195611835	0.0	22050.0	32-C03-18-07	a	2018
12	Waveform 1	1	20.204354768	20.204354768	0.0	22050.0	32-C03-18-07	a	2018
13	Waveform 1	1	20.214527509	20.214527509	0.0	22050.0	32-C03-18-07	a	2018
14	Waveform 1	1	20.224692834	20.224692834	0.0	22050.0	32-C03-18-07	a	2018
15	Waveform 1	1	20.233726203	20.233726203	0.0	22050.0	32-C03-18-07	a	2018
16	Waveform 1	1	20.245112849	20.245112849	0.0	22050.0	32-C03-18-07	a	2018
17	Waveform 1	1	20.253647144	20.253647144	0.0	22050.0	32-C03-18-07	a	2018
18	Waveform 1	1	20.264855060	20.264855060	0.0	22050.0	32-C03-18-07	a	2018
19	Waveform 1	1	20.276673636	20.276673636	0.0	22050.0	32-C03-18-07	a	2018
20	Waveform 1	1	20.615337915	20.615337915	0.0	22050.0	32-C03-18-07	b	2018
21	Waveform 1	1	20.623164740	20.623164740	0.0	22050.0	32-C03-18-07	b	2018
22	Waveform 1	1	20.632428969	20.632428969	0.0	22050.0	32-C03-18-07	b	2018
23	Waveform 1	1	20.643420919	20.643420919	0.0	22050.0	32-C03-18-07	b	2018
24	Waveform 1	1	20.651888279	20.651888279	0.0	22050.0	32-C03-18-07	b	2018
25	Waveform 1	1	20.662180204	20.662180204	0.0	22050.0	32-C03-18-07	b	2018
26	Waveform 1	1	20.671913422	20.671913422	0.0	22050.0	32-C03-18-07	b	2018
27	Waveform 1	1	20.680916971	20.680916971	0.0	22050.0	32-C03-18-07	b	2018
28	Waveform 1	1	20.692527029	20.692527029	0.0	22050.0	32-C03-18-07	b	2018
29	Waveform 1	1	20.700480572	20.700480572	0.0	22050.0	32-C03-18-07	b	2018
30	Waveform 1	1	20.711383126	20.711383126	0.0	22050.0	32-C03-18-07	b	2018
31	Waveform 1	1	20.720155848	20.720155848	0.0	22050.0	32-C03-18-07	b	2018
32	Waveform 1	1	20.730269043	20.730269043	0.0	22050.0	32-C03-18-07	b	2018
33	Waveform 1	1	20.740613067	20.740613067	0.0	22050.0	32-C03-18-07	b	2018
34	Waveform 1	1	20.749259188	20.749259188	0.0	22050.0	32-C03-18-07	b	2018
35	Waveform 1	1	20.760355309	20.760355309	0.0	22050.0	32-C03-18-07	b	2018
36	Waveform 1	1	20.769060975	20.769060975	0.0	22050.0	32-C03-18-07	b	2018
37	Waveform 1	1	20.780388044	20.780388044	0.0	22050.0	32-C03-18-07	b	2018
38	Waveform 1	1	20.792020444	20.792020444	0.0	22050.0	32-C03-18-07	b	2018
39	Waveform 1	1	21.146077929	21.146077929	0.0	22050.0	32-C03-18-07	c	2018
40	Waveform 1	1	21.153443121	21.153443121	0.0	22050.0	32-C03-18-07	c	2018
41	Waveform 1	1	21.162692455	21.162692455	0.0	22050.0	32-C03-18-07	c	2018
42	Waveform 1	1	21.173818453	21.173818453	0.0	22050.0	32-C03-18-07	c	2018
43	Waveform 1	1	21.182248577	21.182248577	0.0	22050.0	32-C03-18-07	c	2018
44	Waveform 1	1	21.192585185	21.192592632	0.0	22050.0	32-C03-18-07	c	2018
45	Waveform 1	1	21.202147265	21.202147265	0.0	22050.0	32-C03-18-07	c	2018
46	Waveform 1	1	21.211903001	21.211903001	0.0	22050.0	32-C03-18-07	c	2018
47	Waveform 1	1	21.223334241	21.223334241	0.0	22050.0	32-C03-18-07	c	2018
48	Waveform 1	1	21.231429247	21.231429247	0.0	22050.0	32-C03-18-07	c	2018
49	Waveform 1	1	21.242540351	21.242540351	0.0	22050.0	32-C03-18-07	c	2018
50	Waveform 1	1	21.251193919	21.251193919	0.0	22050.0	32-C03-18-07	c	2018
51	Waveform 1	1	21.261351797	21.261351797	0.0	22050.0	32-C03-18-07	c	2018
52	Waveform 1	1	21.271688373	21.271688373	0.0	22050.0	32-C03-18-07	c	2018
53	Waveform 1	1	21.280803660	21.280803660	0.0	22050.0	32-C03-18-07	c	2018
54	Waveform 1	1	21.292175323	21.292175323	0.0	22050.0	32-C03-18-07	c	2018
55	Waveform 1	1	21.301208604	21.301208604	0.0	22050.0	32-C03-18-07	c	2018
56	Waveform 1	1	21.312885565	21.312885565	0.0	22050.0	32-C03-18-07	c	2018
57	Waveform 1	1	21.658662045	21.658662045	0.0	22050.0	32-C03-18-07	d	2018
58	Waveform 1	1	21.666593126	21.666593126	0.0	22050.0	32-C03-18-07	d	2018
59	Waveform 1	1	21.675872160	21.675872160	0.0	22050.0	32-C03-18-07	d	2018
60	Waveform 1	1	21.687020500	21.687027947	0.0	22050.0	32-C03-18-07	d	2018
61	Waveform 1	1	21.695450624	21.695458071	0.0	22050.0	32-C03-18-07	d	2018
62	Waveform 1	1	21.706003197	21.706003197	0.0	22050.0	32-C03-18-07	d	2018
63	Waveform 1	1	21.714999299	21.714999299	0.0	22050.0	32-C03-18-07	d	2018
64	Waveform 1	1	21.725082706	21.725082706	0.0	22050.0	32-C03-18-07	d	2018
65	Waveform 1	1	21.736104357	21.736104357	0.0	22050.0	32-C03-18-07	d	2018
66	Waveform 1	1	21.744214257	21.744214257	0.0	22050.0	32-C03-18-07	d	2018
67	Waveform 1	1	21.755355149	21.755355149	0.0	22050.0	32-C03-18-07	d	2018
68	Waveform 1	1	21.763695940	21.763695940	0.0	22050.0	32-C03-18-07	d	2018
69	Waveform 1	1	21.773809104	21.773809104	0.0	22050.0	32-C03-18-07	d	2018
70	Waveform 1	1	21.783780805	21.783780805	0.0	22050.0	32-C03-18-07	d	2018
71	Waveform 1	1	21.792687574	21.792687574	0.0	22050.0	32-C03-18-07	d	2018
72	Waveform 1	1	21.804036984	21.804036984	0.0	22050.0	32-C03-18-07	d	2018
73	Waveform 1	1	21.812452214	21.812452214	0.0	22050.0	32-C03-18-07	d	2018
74	Waveform 1	1	21.823831325	21.823831325	0.0	22050.0	32-C03-18-07	d	2018
75	Waveform 1	1	21.835761607	21.835761607	0.0	22050.0	32-C03-18-07	d	2018
76	Waveform 1	1	22.188508672	22.188508672	0.0	22050.0	32-C03-18-07	e	2018
77	Waveform 1	1	22.196477078	22.196477078	0.0	22050.0	32-C03-18-07	e	2018
78	Waveform 1	1	22.205741274	22.205741274	0.0	22050.0	32-C03-18-07	e	2018
79	Waveform 1	1	22.216785355	22.216785355	0.0	22050.0	32-C03-18-07	e	2018
80	Waveform 1	1	22.225133593	22.225133593	0.0	22050.0	32-C03-18-07	e	2018
81	Waveform 1	1	22.235284024	22.235284024	0.0	22050.0	32-C03-18-07	e	2018
82	Waveform 1	1	22.244846104	22.244846104	0.0	22050.0	32-C03-18-07	e	2018
83	Waveform 1	1	22.254125138	22.254125138	0.0	22050.0	32-C03-18-07	e	2018
84	Waveform 1	1	22.265623490	22.265623490	0.0	22050.0	32-C03-18-07	e	2018
85	Waveform 1	1	22.273577001	22.273577001	0.0	22050.0	32-C03-18-07	e	2018
86	Waveform 1	1	22.284420011	22.284420011	0.0	22050.0	32-C03-18-07	e	2018
87	Waveform 1	1	22.293356536	22.293356536	0.0	22050.0	32-C03-18-07	e	2018
88	Waveform 1	1	22.303477179	22.303477179	0.0	22050.0	32-C03-18-07	e	2018
89	Waveform 1	1	22.314066987	22.314066987	0.0	22050.0	32-C03-18-07	e	2018
90	Waveform 1	1	22.322862050	22.322862050	0.0	22050.0	32-C03-18-07	e	2018
91	Waveform 1	1	22.334062487	22.334062487	0.0	22050.0	32-C03-18-07	e	2018
92	Waveform 1	1	22.343133003	22.343133003	0.0	22050.0	32-C03-18-07	e	2018
93	Waveform 1	1	22.354720720	22.354720720	0.0	22050.0	32-C03-18-07	e	2018
94	Waveform 1	1	22.720880036	22.720880036	0.0	22050.0	32-C03-18-07	f	2018
95	Waveform 1	1	22.728059051	22.728059051	0.0	22050.0	32-C03-18-07	f	2018
96	Waveform 1	1	22.737345590	22.737345590	0.0	22050.0	32-C03-18-07	f	2018
97	Waveform 1	1	22.748359882	22.748359882	0.0	22050.0	32-C03-18-07	f	2018
98	Waveform 1	1	22.756760249	22.756760249	0.0	22050.0	32-C03-18-07	f	2018
99	Waveform 1	1	22.767067069	22.767067069	0.0	22050.0	32-C03-18-07	f	2018
100	Waveform 1	1	22.776986520	22.776986520	0.0	22050.0	32-C03-18-07	f	2018
101	Waveform 1	1	22.786049677	22.786049677	0.0	22050.0	32-C03-18-07	f	2018
102	Waveform 1	1	22.797518153	22.797518153	0.0	22050.0	32-C03-18-07	f	2018
103	Waveform 1	1	22.805538687	22.805538687	0.0	22050.0	32-C03-18-07	f	2018
104	Waveform 1	1	22.816217861	22.816217861	0.0	22050.0	32-C03-18-07	f	2018
105	Waveform 1	1	22.825318222	22.825318222	0.0	22050.0	32-C03-18-07	f	2018
106	Waveform 1	1	22.835237794	22.835237794	0.0	22050.0	32-C03-18-07	f	2018
107	Waveform 1	1	22.846006332	22.846006332	0.0	22050.0	32-C03-18-07	f	2018
108	Waveform 1	1	22.854421594	22.854421594	0.0	22050.0	32-C03-18-07	f	2018
109	Waveform 1	1	22.865547560	22.865547560	0.0	22050.0	32-C03-18-07	f	2018
110	Waveform 1	1	22.874722424	22.874722424	0.0	22050.0	32-C03-18-07	f	2018
111	Waveform 1	1	22.886146217	22.886146217	0.0	22050.0	32-C03-18-07	f	2018
112	Waveform 1	1	23.256714380	23.256714380	0.0	22050.0	32-C03-18-07	g	2018
113	Waveform 1	1	23.263818956	23.263818956	0.0	22050.0	32-C03-18-07	g	2018
114	Waveform 1	1	23.273008683	23.273008683	0.0	22050.0	32-C03-18-07	g	2018
115	Waveform 1	1	23.284142128	23.284142128	0.0	22050.0	32-C03-18-07	g	2018
116	Waveform 1	1	23.292520154	23.292520154	0.0	22050.0	32-C03-18-07	g	2018
117	Waveform 1	1	23.302886519	23.302886519	0.0	22050.0	32-C03-18-07	g	2018
118	Waveform 1	1	23.312567784	23.312567784	0.0	22050.0	32-C03-18-07	g	2018
119	Waveform 1	1	23.321861801	23.321861801	0.0	22050.0	32-C03-18-07	g	2018
120	Waveform 1	1	23.333419729	23.333419729	0.0	22050.0	32-C03-18-07	g	2018
121	Waveform 1	1	23.341492394	23.341499841	0.0	22050.0	32-C03-18-07	g	2018
122	Waveform 1	1	23.352462003	23.352462003	0.0	22050.0	32-C03-18-07	g	2018
123	Waveform 1	1	23.361190011	23.361197458	0.0	22050.0	32-C03-18-07	g	2018
124	Waveform 1	1	23.371534066	23.371534066	0.0	22050.0	32-C03-18-07	g	2018
125	Waveform 1	1	23.381744073	23.381744073	0.0	22050.0	32-C03-18-07	g	2018
126	Waveform 1	1	23.390851793	23.390851793	0.0	22050.0	32-C03-18-07	g	2018
127	Waveform 1	1	23.402305374	23.402305374	0.0	22050.0	32-C03-18-07	g	2018
128	Waveform 1	1	23.412016339	23.412016339	0.0	22050.0	32-C03-18-07	g	2018
129	Waveform 1	1	23.424951888	23.424951888	0.0	22050.0	32-C03-18-07	g	2018
130	Waveform 1	1	23.768844314	23.768844314	0.0	22050.0	32-C03-18-07	h	2018
131	Waveform 1	1	23.776060564	23.776060564	0.0	22050.0	32-C03-18-07	h	2018
132	Waveform 1	1	23.785347134	23.785347134	0.0	22050.0	32-C03-18-07	h	2018
133	Waveform 1	1	23.796555050	23.796555050	0.0	22050.0	32-C03-18-07	h	2018
134	Waveform 1	1	23.804933045	23.804933045	0.0	22050.0	32-C03-18-07	h	2018
135	Waveform 1	1	23.815597324	23.815597324	0.0	22050.0	32-C03-18-07	h	2018
136	Waveform 1	1	23.824459410	23.824459410	0.0	22050.0	32-C03-18-07	h	2018
137	Waveform 1	1	23.834386397	23.834386397	0.0	22050.0	32-C03-18-07	h	2018
138	Waveform 1	1	23.845475160	23.845475160	0.0	22050.0	32-C03-18-07	h	2018
139	Waveform 1	1	23.853525515	23.853525515	0.0	22050.0	32-C03-18-07	h	2018
140	Waveform 1	1	23.864666407	23.864666407	0.0	22050.0	32-C03-18-07	h	2018
141	Waveform 1	1	23.873141214	23.873141214	0.0	22050.0	32-C03-18-07	h	2018
142	Waveform 1	1	23.883425692	23.883425692	0.0	22050.0	32-C03-18-07	h	2018
143	Waveform 1	1	23.893039902	23.893039902	0.0	22050.0	32-C03-18-07	h	2018
144	Waveform 1	1	23.902311578	23.902311578	0.0	22050.0	32-C03-18-07	h	2018
145	Waveform 1	1	23.913668435	23.913668435	0.0	22050.0	32-C03-18-07	h	2018
146	Waveform 1	1	23.922776275	23.922776275	0.0	22050.0	32-C03-18-07	h	2018
147	Waveform 1	1	23.934520349	23.934520349	0.0	22050.0	32-C03-18-07	h	2018
148	Waveform 1	1	24.282911462	24.282911462	0.0	22050.0	32-C03-18-07	i	2018
149	Waveform 1	1	24.290462831	24.290462831	0.0	22050.0	32-C03-18-07	i	2018
150	Waveform 1	1	24.299876002	24.299876002	0.0	22050.0	32-C03-18-07	i	2018
151	Waveform 1	1	24.311002000	24.311002000	0.0	22050.0	32-C03-18-07	i	2018
152	Waveform 1	1	24.319476807	24.319476807	0.0	22050.0	32-C03-18-07	i	2018
153	Waveform 1	1	24.329858097	24.329858097	0.0	22050.0	32-C03-18-07	i	2018
154	Waveform 1	1	24.339301055	24.339301055	0.0	22050.0	32-C03-18-07	i	2018
155	Waveform 1	1	24.348892924	24.348892924	0.0	22050.0	32-C03-18-07	i	2018
156	Waveform 1	1	24.360205099	24.360205099	0.0	22050.0	32-C03-18-07	i	2018
157	Waveform 1	1	24.368315030	24.368315030	0.0	22050.0	32-C03-18-07	i	2018
158	Waveform 1	1	24.379269746	24.379269746	0.0	22050.0	32-C03-18-07	i	2018
159	Waveform 1	1	24.387729658	24.387737105	0.0	22050.0	32-C03-18-07	i	2018
160	Waveform 1	1	24.397790724	24.397790724	0.0	22050.0	32-C03-18-07	i	2018
161	Waveform 1	1	24.407822002	24.407822002	0.0	22050.0	32-C03-18-07	i	2018
162	Waveform 1	1	24.417048964	24.417048964	0.0	22050.0	32-C03-18-07	i	2018
163	Waveform 1	1	24.428271774	24.428271774	0.0	22050.0	32-C03-18-07	i	2018
164	Waveform 1	1	24.436806157	24.436806157	0.0	22050.0	32-C03-18-07	i	2018
165	Waveform 1	1	24.448177909	24.448177909	0.0	22050.0	32-C03-18-07	i	2018
166	Waveform 1	1	24.460205004	24.460205004	0.0	22050.0	32-C03-18-07	i	2018
167	Waveform 1	1	24.812714383	24.812714383	0.0	22050.0	32-C03-18-07	j	2018
168	Waveform 1	1	24.820131704	24.820131704	0.0	22050.0	32-C03-18-07	j	2018
169	Waveform 1	1	24.829470404	24.829470404	0.0	22050.0	32-C03-18-07	j	2018
170	Waveform 1	1	24.840611296	24.840611296	0.0	22050.0	32-C03-18-07	j	2018
171	Waveform 1	1	24.848952055	24.848952055	0.0	22050.0	32-C03-18-07	j	2018
172	Waveform 1	1	24.859288663	24.859288663	0.0	22050.0	32-C03-18-07	j	2018
173	Waveform 1	1	24.868925246	24.868925246	0.0	22050.0	32-C03-18-07	j	2018
174	Waveform 1	1	24.878390514	24.878390514	0.0	22050.0	32-C03-18-07	j	2018
175	Waveform 1	1	24.890097384	24.890097384	0.0	22050.0	32-C03-18-07	j	2018
176	Waveform 1	1	24.898184974	24.898184974	0.0	22050.0	32-C03-18-07	j	2018
177	Waveform 1	1	24.909229023	24.909229023	0.0	22050.0	32-C03-18-07	j	2018
178	Waveform 1	1	24.918001744	24.918001744	0.0	22050.0	32-C03-18-07	j	2018
179	Waveform 1	1	24.927973445	24.927973445	0.0	22050.0	32-C03-18-07	j	2018
180	Waveform 1	1	24.938570701	24.938570701	0.0	22050.0	32-C03-18-07	j	2018
181	Waveform 1	1	24.947239132	24.947246579	0.0	22050.0	32-C03-18-07	j	2018
182	Waveform 1	1	24.958380024	24.958380024	0.0	22050.0	32-C03-18-07	j	2018
183	Waveform 1	1	24.967137820	24.967137820	0.0	22050.0	32-C03-18-07	j	2018
184	Waveform 1	1	24.978241477	24.978241477	0.0	22050.0	32-C03-18-07	j	2018
185	Waveform 1	1	24.991430316	24.991430316	0.0	22050.0	32-C03-18-07	j	2018
